0.003890
0.001163
0.001170
0.001175
0.001146
0.001151
0.001156
0.001191
0.001140
0.001161
0.001205
0.001135
0.001143
0.001157
0.001132
0.001140
0.001162
0.001210
0.001154
0.001145
0.001182
0.001150
0.001142
0.001168
0.001161
0.001161
0.001157
0.001164
0.001139
0.001147
0.001145
0.001203
0.001144
0.001140
0.001167
0.001185
0.001154
0.001158
0.001166
0.001177
0.001166
0.001164
0.001150
0.001144
0.001184
0.001156
0.001156
0.001171
0.001147
0.001147
0.001145
0.001175
0.001136
0.001176
0.001173
0.001157
0.001155
0.001138
0.001154
0.001150
0.001239
0.001167
0.001137
0.001137
0.001154
0.001203
0.001157
0.001144
0.001162
0.001152
0.001144
0.001143
0.001131
0.001141
0.001152
0.001146
0.001131
0.001141
0.001158
0.001154
0.001144
0.001174
0.001174
0.001144
0.001147
0.001180
0.001144
0.001166
0.001157
0.001162
0.001144
0.001146
0.001178
0.001173
0.001137
0.001176
0.001203
0.001142
0.001159
0.001185
0.001144
0.001148
0.001194
0.001152
0.001148
0.001165
0.001152
0.001138
0.001178
0.001198
0.001189
0.001153
0.001151
0.001167
0.001145
0.001178
0.001159
0.001186
0.001137
0.001160
0.001134
0.001139
0.001162
0.001168
0.001140
0.001167
0.001179
0.001154
0.001147
0.001159
0.001161
0.001167
0.001143
0.001156
0.001135
0.001152
0.001157
0.001177
0.001137
0.001188
0.001205
0.001148
0.001138
0.001174
0.001143
0.001179
0.001150
0.001185
0.001150
0.001144
0.001154
0.001189
0.001168
0.001167
0.001155
0.001142
0.001136
0.001142
0.001138
0.001136
0.001160
0.001165
0.001125
0.001124
0.001171
0.001135
0.001144
0.001126
0.001159
0.001123
0.001136
0.001135
0.001146
0.001141
0.001180
0.001159
0.001173
0.001169
0.001134
0.001146
0.001131
0.001125
0.001157
0.001139
0.001124
0.001137
0.001121
0.001131
0.001143
0.001199
0.001151
0.001169
0.001149
0.001140
0.001133
0.001151
0.001127
0.001148
0.001126
0.001135
0.001139
0.001124
0.001123
0.001146
0.001141
0.001140
0.001214
0.001170
0.001171
0.001168
0.001141
0.001170
0.001163
0.001163
0.001150
0.001129
0.001141
0.001126
0.001162
0.001123
0.001156
0.001133
0.001125
0.001138
0.001127
0.001140
0.001155
0.001172
0.001126
0.001124
0.001133
0.001129
0.001162
0.001144
0.001148
0.001134
0.001128
0.001150
0.001142
0.001126
0.001133
0.001156
0.001139
0.001136
0.001142
0.001126
0.001127
0.001146
0.001164
0.001127
0.001122
0.001141
0.001125
0.001162
0.001121
0.001181
0.001125
0.001142
0.001138
0.001126
0.001125
0.001142
0.001159
0.001129
0.001152
0.001137
0.001122
0.001149
0.001130
0.001147
0.001133
0.001121
0.001139
0.001125
0.001121
0.001126
0.001193
0.001151
0.001168
0.002178
0.001221
0.001122
0.001131
0.001170
0.001148
0.001142
0.001121
0.001132
0.001121
0.001131
0.001140
0.001124
0.001145
0.001145
0.001130
0.001127
0.001178
0.001128
0.001152
0.001133
0.001172
0.001133
0.001123
0.001140
0.001135
0.001136
0.001134
0.001123
0.001124
0.001129
0.001163
0.001128
0.001137
0.001149
0.001168
0.001127
0.001126
0.001132
0.001125
0.001139
0.001183
0.001119
0.001126
0.001126
0.001158
0.001118
0.001119
0.001164
0.001125
0.001143
0.001121
0.001167
0.001127
0.001160
0.001152
0.001124
0.001120
0.001119
0.001138
0.001117
0.001147
0.001145
0.001138
0.001120
0.001151
0.001139
0.001126
0.001124
0.001156
0.001139
0.001132
0.001123
0.001137
0.001146
0.001125
0.001135
0.001132
0.001131
0.001130
0.001130
0.001127
0.001124
0.001146
0.001155
0.001144
0.001142
0.001136
0.001131
0.001118
0.001163
0.001119
0.001147
0.001122
0.001139
0.001118
0.001146
0.001177
0.001142
0.001133
0.001127
0.001144
0.001124
0.001128
0.001142
0.001163
0.001134
0.001145
0.001131
0.001127
0.001130
0.001139
0.001128
0.001176
0.001141
0.001136
0.001132
0.001127
0.001143
0.001124
0.001123
0.001141
0.001135
0.001139
0.001145
0.001136
0.001126
0.001130
0.001141
0.001147
0.001135
0.001124
0.001141
0.001126
0.001133
0.001152
0.001180
0.001124
0.001115
0.001126
0.001124
0.001126
0.001153
0.001143
0.001160
0.001127
0.001146
0.001135
0.001124
0.001145
0.001163
0.001135
0.001130
0.001134
0.001148
0.001117
0.001124
0.001174
0.001130
0.001128
0.001169
0.001127
0.001126
0.001126
0.001157
0.001139
0.001120
0.001152
0.001125
0.001122
0.001119
0.001151
0.001166
0.001124
0.001146
0.001124
0.001135
0.001149
0.001135
0.001134
0.001144
0.001161
0.001126
0.001126
0.001123
0.001143
0.001143
0.001147
0.001140
0.001144
0.001125
0.001128
0.001135
0.001132
0.001153
0.001133
0.001147
0.001122
0.001123
0.001141
0.001131
0.001144
0.001147
0.001139
0.001121
0.001117
0.001138
0.001129
0.001128
0.001149
0.001125
0.001151
0.001130
0.001138
0.001128
0.001144
0.001177
0.001150
0.001131
0.001126
0.001164
0.001125
0.001130
0.001167
0.001131
0.001121
0.001125
0.001133
0.001125
0.001145
0.001157
0.001118
0.001120
0.001117
0.001136
0.001116
0.001128
0.001156
0.001147
0.001124
0.001124
0.001136
0.001120
0.001119
0.001141
0.001162
0.001136
0.001124
0.001133
0.001125
0.001120
0.001145
0.001129
0.001136
0.001124
0.001140
0.001148
0.001124
0.001145
0.001138
0.001142
0.001124
0.001136
0.001123
0.001135
0.001133
0.001126
0.001136
0.001131
0.001151
0.001126
0.001142
0.001133
0.001134
0.001151
0.001116
0.001156
0.001153
0.001118
0.001130
0.001147
0.001123
0.001149
0.001122
0.001119
0.001118
0.001132
0.001136
0.001135
0.001134
0.001131
0.001125
0.001120
0.001141
0.001123
0.001130
0.001131
0.001143
0.001146
0.001122
0.001130
0.001122
0.001115
0.001137
0.001154
0.001123
0.001121
0.001171
0.001132
0.001130
0.001123
0.001154
0.001148
0.001120
0.001149
0.001117
0.001117
0.001132
0.001149
0.001115
0.001133
0.001123
0.001120
0.001125
0.001126
0.001140
0.001151
0.001126
0.001143
0.001140
0.001124
0.001127
0.001143
0.001134
0.001117
0.001131
0.001151
0.001119
0.001123
0.001145
0.001136
0.001134
0.001121
0.001133
0.001130
0.001124
0.001136
0.001172
0.001123
0.001119
0.001132
0.001114
0.001121
0.001135
0.001125
0.001167
0.001123
0.001140
0.001122
0.001124
0.001135
0.001124
0.001150
0.001119
0.001133
0.001128
0.001147
0.001127
0.001121
0.001116
0.001152
0.001132
0.001122
0.001124
0.001133
0.001131
0.001129
0.001163
0.001132
0.001130
0.001136
0.001138
0.001125
0.001128
0.001132
0.001170
0.001120
0.001120
0.001158
0.001139
0.001125
0.001134
0.001152
0.001157
0.001131
0.001147
0.001126
0.001123
0.001121
0.001163
0.001128
0.001120
0.001128
0.001124
0.001149
0.001123
0.001156
0.001117
0.001123
0.001139
0.001123
0.001148
0.001130
0.001133
0.001187
0.001128
0.001131
0.001118
0.001117
0.001120
0.001170
0.001138
0.001123
0.001138
0.001125
0.001121
0.001124
0.001142
0.001142
0.001130
0.001124
0.001145
0.001123
0.001120
0.001131
0.001138
0.001129
0.001134
0.001125
0.001148
0.001125
0.001147
0.001120
0.001142
0.001149
0.001120
0.001115
0.001116
0.001125
0.001115
0.001185
0.001133
0.001129
0.001126
0.001122
0.001151
0.001127
0.001143
0.001164
0.001131
0.001121
0.001124
0.001144
0.001122
0.001128
0.001129
0.001122
0.001114
0.001133
0.001162
0.001120
0.001140
0.001154
0.001139
0.001123
0.001119
0.001130
0.001138
0.001120
0.001140
0.001168
0.001115
0.001115
0.001185
0.001124
0.001127
0.001130
0.001169
0.001126
0.001125
0.001132
0.001120
0.001130
0.001135
0.001171
0.001139
0.001131
0.001132
0.001121
0.001137
0.001128
0.001148
0.001143
0.001153
0.001143
0.001124
0.001123
0.001125
0.001178
0.001133
0.001128
0.001132
0.001135
0.001120
0.001121
0.001165
0.001142
0.001129
0.001163
0.001122
0.001126
0.001145
0.001135
0.001195
0.001132
0.001229
0.002114
0.001186
0.001129
0.001125
0.001155
0.001131
0.001123
0.001119
0.001142
0.001134
0.001136
0.001163
0.001177
0.001139
0.001124
0.001147
0.001147
0.001121
0.001125
0.001158
0.001128
0.001118
0.001141
0.001122
0.001123
0.001138
0.001175
0.001125
0.001120
0.001183
0.001137
0.001119
0.001123
0.001155
0.001121
0.001117
0.001119
0.001126
0.001127
0.001129
0.001202
0.001121
0.001127
0.001120
0.001140
0.001124
0.001122
0.001172
0.001141
0.001118
0.001118
0.001130
0.001122
0.001115
0.001147
0.001179
0.001125
0.001121
0.001172
0.001118
0.001129
0.001138
0.001133
0.001125
0.001133
0.001166
0.001116
0.001113
0.001132
0.001137
0.001115
0.001125
0.001150
0.001143
0.001119
0.001132
0.001121
0.001143
0.001124
0.001131
0.001123
0.001116
0.001147
0.001147
0.001136
0.001135
0.001139
0.001121
0.001132
0.001127
0.001126
0.001128
0.001140
0.001137
0.001147
0.001127
0.001138
0.001147
0.001135
0.001126
0.001143
0.001122
0.001124
0.001139
0.001127
0.001125
0.001137
0.001138
0.001156
0.001126
0.001161
0.001123
0.001125
0.001144
0.001145
0.001122
0.001128
0.001141
0.001140
0.001134
0.001124
0.001160
0.001151
0.001128
0.001132
0.001144
0.001131
0.001149
0.001161
0.001122
0.001120
0.001151
0.001121
0.001117
0.001120
0.001151
0.001133
0.001155
0.001131
0.001123
0.001124
0.001123
0.001152
0.001152
0.001132
0.001140
0.001122
0.001122
0.001139
0.001126
0.001135
0.001115
0.001135
0.001126
0.001121
0.001119
0.001135
0.001138
0.001149
0.001134
0.001119
0.001121
0.001129
0.001134
0.001120
0.001135
0.001126
0.001126
0.001117
0.001145
0.001133
0.001133
0.001130
0.001128
0.001121
0.001119
0.001124
0.001130
0.001124
0.001134
0.001138
0.001163
0.001115
0.001114
0.001145
0.001121
0.001132
0.001131
0.001160
0.001126
0.001122
0.001144
0.001146
0.001120
0.001133
0.001132
0.001122
0.001128
0.001145
0.001117
0.001135
0.001141
0.001131
0.001144
0.001118
0.001150
0.001127
0.001125
0.001118
0.001158
0.001124
0.001119
0.001129
0.001117
0.001121
0.001132
0.001184
0.001116
0.001144
0.001147
0.001121
0.001119
0.001121
0.001143
0.001141
0.001151
0.001132
0.001124
0.001121
0.001114
0.001143
0.001127
0.001118
0.001143
0.001117
0.001147
0.001124
0.001142
0.001136
0.001131
0.001161
0.001135
0.001127
0.001124
0.001127
0.001132
0.001124
0.001131
0.001117
0.001120
0.001151
0.001145
0.001115
0.001144
0.001131
0.001144
0.001119
0.001124
0.001134
0.001140
0.001128
0.001132
0.001145
0.001120
0.001108
0.001124
0.001125
0.001152
0.001162
0.001120
0.001119
0.001126
0.001131
0.001123
0.001132
0.001141
0.001122
0.001126
0.001140
0.001124
0.001118
0.001116
0.001126
0.001146
0.001118
0.001125
0.001163
0.001138
0.001126
0.001137
0.001134
0.001121
0.001123
0.001144
0.001140
0.001123
0.001120
0.001150
0.001121
0.001130
0.001130
0.001142
0.001116
0.001135
0.001170
0.001121
0.001145
0.001141
0.001117
0.001114
0.001119
0.001150
0.001142
0.001120
0.001127
0.001120
0.001124
0.001120
0.001164
0.001129
0.001123
0.001147
0.001119
0.001122
0.001147
0.001129
0.001128
0.001125
0.001130
0.001114
0.001127
0.001118
0.001130
0.001143
0.001127
0.001159
0.001121
0.001116
0.001121
0.001146
0.001124
0.001133
0.001156
0.001116
0.001118
0.001116
0.001137
0.001116
0.001150
0.001124
0.001122
0.001124
0.001127
0.001144
0.001126
0.001121
0.001155
0.001131
0.001120
0.001115
0.001139
0.001120
0.001130
0.001173
0.001129
0.001123
0.001128
0.001136
0.001125
0.001126
0.001131
0.001145
0.001157
0.001120
0.001134
0.001123
0.001116
0.001175
0.001132
0.001123
0.001116
0.001137
0.001126
0.001134
0.001129
0.001146
0.001124
0.001160
0.001129
0.001123
0.001140
0.001132
0.001166
0.001119
0.001114
0.001187
0.001124
0.001120
0.001119
0.001136
0.001136
0.001147
0.001142
0.001133
0.001118
0.001118
0.001131
0.001120
0.001118
0.001133
0.001124
0.001118
0.001116
0.001163
0.001140
0.001132
0.001141
0.001138
0.001118
0.001169
0.001141
0.001153
0.001120
0.001138
0.001116
0.001114
0.001112
0.001131
0.001128
0.001134
0.001161
0.001117
0.001119
0.001122
0.001130
0.001121
0.001131
0.001127
0.001120
0.001120
0.001117
0.001169
0.001126
0.001114
0.001157
0.001129
0.001121
0.001122
0.001128
0.001140
0.001127
0.001171
0.001115
0.001119
0.001131
0.001130
0.001117
0.001115
0.001169
0.001124
0.001113
0.001113
0.001132
0.001163
0.001117
0.001137
0.001120
0.001117
0.001135
0.001136
0.001135
0.001201
0.001211
0.001130
0.001118
0.001114
0.001126
0.001117
0.001122
0.001145
0.001179
0.001123
0.001118
0.001144
0.001116
0.001116
0.001125
0.001133
0.001136
0.001137
0.001155
0.001118
0.001119
0.001147
0.001138
0.001147
0.001127
0.001132
0.001122
0.001122
0.001117
0.001172
0.001141
0.001134
0.001135
0.001130
0.001116
0.001126
0.001125
0.001127
0.001122
0.001130
0.001123
0.001119
0.001121
0.001173
0.001158
0.001135
0.001141
0.001135
0.001113
0.001140
0.001153
0.001124
0.001212
0.001145
0.001163
0.002073
0.001138
0.001123
0.001141
0.001155
0.001138
0.001123
0.001141
0.001152
0.001120
0.001154
0.001141
0.001115
0.001117
0.001117
0.001167
0.001130
0.001122
0.001138
0.001132
0.001122
0.001118
0.001134
0.001156
0.001126
0.001141
0.001116
0.001113
0.001113
0.001131
0.001118
0.001117
0.001130
0.001142
0.001142
0.001119
0.001127
0.001122
0.001116
0.001148
0.001142
0.001122
0.001118
0.001138
0.001143
0.001120
0.001140
0.001121
0.001135
0.001120
0.001134
0.001122
0.001115
0.001120
0.001129
0.001134
0.001142
0.001132
0.001112
0.001129
0.001116
0.001129
0.001113
0.001136
0.001133
0.001145
0.001113
0.001141
0.001134
0.001136
0.001122
0.001128
0.001119
0.001117
0.001113
0.001159
0.001131
0.001134
0.001144
0.001131
0.001121
0.001120
0.001153
0.001129
0.001137
0.001130
0.001128
0.001117
0.001144
0.001148
0.001123
0.001121
0.001153
0.001120
0.001114
0.001121
0.001131
0.001151
0.001128
0.001167
0.001120
0.001117
0.001137
0.001131
0.001128
0.001123
0.001124
0.001155
0.001117
0.001112
0.001131
0.001119
0.001120
0.001161
0.001127
0.001146
0.001116
0.001131
0.001121
0.001119
0.001159
0.001147
0.001121
0.001115
0.001131
0.001120
0.001112
0.001115
0.001156
0.001123
0.001130
0.001152
0.001120
0.001134
0.001119
0.001136
0.001138
0.001118
0.001131
0.001119
0.001141
0.001112
0.001125
0.001133
0.001116
0.001131
0.001140
0.001126
0.001131
0.001133
0.001117
0.001134
0.001155
0.001119
0.001121
0.001113
0.001143
0.001129
0.001126
0.001126
0.001118
0.001146
0.001132
0.001144
0.001121
0.001126
0.001153
0.001117
0.001116
0.001119
0.001175
0.001112
0.001124
0.001130
0.001114
0.001126
0.001115
0.001133
0.001131
0.001122
0.001153
0.001121
0.001114
0.001116
0.001130
0.001119
0.001118
0.001148
0.001116
0.001135
0.001112
0.001121
0.001113
0.001125
0.001117
0.001144
0.001145
0.001116
0.001131
0.001116
0.001117
0.001128
0.001141
0.001131
0.001110
0.001131
0.001114
0.001115
0.001119
0.001132
0.001156
0.001123
0.001127
0.001117
0.001139
0.001118
0.001149
0.001130
0.001120
0.001149
0.001118
0.001118
0.001140
0.001131
0.001127
0.001133
0.001129
0.001125
0.001127
0.001139
0.001123
0.001138
0.001118
0.001146
0.001116
0.001121
0.001120
0.001136
0.001119
0.001125
0.001141
0.001147
0.001116
0.001141
0.001126
0.001119
0.001148
0.001138
0.001118
0.001115
0.001140
0.001136
0.001124
0.001116
0.001137
0.001128
0.001114
0.001116
0.001157
0.001115
0.001120
0.001133
0.001128
0.001118
0.001137
0.001127
0.001121
0.001121
0.001122
0.001172
0.001112
0.001112
0.001126
0.001127
0.001118
0.001126
0.001141
0.001139
0.001122
0.001128
0.001117
0.001120
0.001166
0.001145
0.001123
0.001112
0.001138
0.001114
0.001112
0.001112
0.001159
0.001122
0.001139
0.001142
0.001119
0.001137
0.001121
0.001130
0.001136
0.001136
0.001152
0.001127
0.001116
0.001114
0.001174
0.001161
0.001111
0.001155
0.001126
0.001119
0.001115
0.001142
0.001115
0.001136
0.001135
0.001115
0.001137
0.001119
0.001122
0.001126
0.001150
0.001137
0.001111
0.001116
0.001117
0.001126
0.001128
0.001157
0.001142
0.001123
0.001120
0.001119
0.001132
0.001112
0.001130
0.001142
0.001137
0.001114
0.001130
0.001146
0.001117
0.001121
0.001132
0.001133
0.001135
0.001148
0.001150
0.001120
0.001120
0.001144
0.001123
0.001132
0.001130
0.001135
0.001118
0.001125
0.001118
0.001173
0.001119
0.001120
0.001127
0.001128
0.001121
0.001130
0.001181
0.001118
0.001115
0.001163
0.001119
0.001121
0.001136
0.001133
0.001136
0.001114
0.001135
0.001117
0.001119
0.001148
0.001149
0.001146
0.001120
0.001141
0.001114
0.001112
0.001118
0.001128
0.001137
0.001138
0.001145
0.001121
0.001119
0.001115
0.001163
0.001161
0.001119
0.001132
0.001120
0.001128
0.001141
0.001143
0.001117
0.001133
0.001128
0.001117
0.001122
0.001142
0.001130
0.001125
0.001128
0.001141
0.001118
0.001139
0.001117
0.001129
0.001125
0.001131
0.001131
0.001157
0.001117
0.001114
0.001147
0.001137
0.001128
0.001126
0.001129
0.001120
0.001122
0.001141
0.001148
0.001127
0.001136
0.001139
0.001130
0.001141
0.001129
0.001117
0.001118
0.001135
0.001123
0.001115
0.001117
0.001135
0.001117
0.001118
0.001144
0.001144
0.001120
0.001114
0.001125
0.001118
0.001120
0.001115
0.001166
0.001115
0.001116
0.001126
0.001116
0.001119
0.001118
0.001156
0.001138
0.001122
0.001130
0.001136
0.001119
0.001117
0.001130
0.001128
0.001125
0.001130
0.001112
0.001118
0.001115
0.001152
0.001127
0.001131
0.001122
0.001142
0.001118
0.001122
0.001152
0.001142
0.001144
0.001119
0.001129
0.001114
0.001116
0.001139
0.001137
0.001132
0.001118
0.001135
0.001121
0.001116
0.001131
0.001129
0.001139
0.001116
0.001129
0.001114
0.001138
0.001126
0.001117
0.001119
0.001159
0.001133
0.001112
0.001119
0.001124
0.001121
0.001130
0.001139
0.001130
0.001137
0.001116
0.001129
0.001115
0.001123
0.001138
0.001143
0.001117
0.001156
0.001131
0.001115
0.001120
0.001129
0.001158
0.001133
0.001334
0.001914
0.001117
0.001142
0.001156
0.001134
0.001116
0.001118
0.001128
0.001117
0.001129
0.001153
0.001120
0.001116
0.001119
0.001156
0.001120
0.001115
0.001126
0.001138
0.001119
0.001111
0.001153
0.001119
0.001118
0.001152
0.001136
0.001119
0.001124
0.001136
0.001117
0.001117
0.001155
0.001118
0.001131
0.001117
0.001135
0.001126
0.001138
0.001152
0.001128
0.001131
0.001115
0.001146
0.001116
0.001115
0.001132
0.001121
0.001124
0.001132
0.001145
0.001115
0.001111
0.001125
0.001111
0.001133
0.001117
0.001139
0.001118
0.001117
0.001120
0.001149
0.001119
0.001128
0.001149
0.001121
0.001117
0.001118
0.001123
0.001117
0.001146
0.001129
0.001121
0.001145
0.001121
0.001135
0.001123
0.001121
0.001145
0.001121
0.001144
0.001130
0.001139
0.001150
0.001120
0.001137
0.001116
0.001119
0.001120
0.001131
0.001130
0.001122
0.001137
0.001171
0.001119
0.001118
0.001130
0.001120
0.001117
0.001145
0.001127
0.001113
0.001115
0.001130
0.001124
0.001142
0.001129
0.001124
0.001148
0.001119
0.001135
0.001117
0.001136
0.001130
0.001132
0.001127
0.001116
0.001136
0.001115
0.001114
0.001122
0.001132
0.001136
0.001126
0.001132
0.001116
0.001157
0.001116
0.001141
0.001133
0.001143
0.001128
0.001116
0.001117
0.001116
0.001136
0.001126
0.001137
0.001135
0.001116
0.001120
0.001120
0.001163
0.001125
0.001145
0.001131
0.001141
0.001114
0.001115
0.001128
0.001118
0.001114
0.001161
0.001130
0.001119
0.001137
0.001142
0.001118
0.001167
0.001145
0.001117
0.001127
0.001133
0.001141
0.001114
0.001119
0.001138
0.001122
0.001115
0.001122
0.001143
0.001118
0.001114
0.001165
0.001117
0.001112
0.001115
0.001147
0.001109
0.001126
0.001148
0.001155
0.001110
0.001113
0.001122
0.001122
0.001114
0.001117
0.001164
0.001119
0.001114
0.001131
0.001120
0.001119
0.001142
0.001126
0.001128
0.001125
0.001128
0.001115
0.001116
0.001120
0.001137
0.001165
0.001121
0.001155
0.001139
0.001122
0.001141
0.001143
0.001130
0.001155
0.001127
0.001118
0.001114
0.001144
0.001141
0.001129
0.001116
0.001142
0.001116
0.001114
0.001118
0.001131
0.001130
0.001138
0.001130
0.001149
0.001114
0.001112
0.001141
0.001115
0.001131
0.001127
0.001118
0.001121
0.001118
0.001157
0.001115
0.001120
0.001150
0.001145
0.001118
0.001121
0.001129
0.001116
0.001122
0.001135
0.001116
0.001117
0.001128
0.001154
0.001120
0.001124
0.001120
0.001148
0.001118
0.001137
0.001130
0.001125
0.001114
0.001127
0.001149
0.001118
0.001116
0.001126
0.001123
0.001123
0.001175
0.001169
0.001143
0.001117
0.001129
0.001151
0.001115
0.001119
0.001150
0.001124
0.001114
0.001125
0.001119
0.001114
0.001119
0.001156
0.001136
0.001119
0.001148
0.001118
0.001116
0.001116
0.001144
0.001133
0.001116
0.001132
0.001135
0.001116
0.001116
0.001149
0.001116
0.001146
0.001127
0.001133
0.001114
0.001117
0.001155
0.001128
0.001123
0.001130
0.001115
0.001114
0.001148
0.001130
0.001114
0.001121
0.001133
0.001115
0.001141
0.001121
0.001125
0.001120
0.001133
0.001130
0.001152
0.001121
0.001117
0.001133
0.001112
0.001118
0.001130
0.001140
0.001119
0.001122
0.001149
0.001115
0.001119
0.001135
0.001133
0.001118
0.001124
0.001167
0.001118
0.001120
0.001112
0.001148
0.001117
0.001115
0.001127
0.001141
0.001129
0.001122
0.001142
0.001120
0.001121
0.001148
0.001122
0.001141
0.001123
0.001144
0.001142
0.001116
0.001127
0.001116
0.001140
0.001118
0.001149
0.001165
0.001139
0.001129
0.001117
0.001134
0.001122
0.001128
0.001128
0.001135
0.001131
0.001120
0.001115
0.001119
0.001152
0.001138
0.001120
0.001149
0.001120
0.001145
0.001126
0.001128
0.001120
0.001144
0.001120
0.001130
0.001120
0.001118
0.001176
0.001122
0.001132
0.001118
0.001133
0.001119
0.001122
0.001136
0.001120
0.001127
0.001140
0.001160
0.001116
0.001119
0.001143
0.001115
0.001127
0.001129
0.001149
0.001117
0.001119
0.001130
0.001130
0.001143
0.001122
0.001147
0.001119
0.001178
0.001129
0.001116
0.001136
0.001129
0.001128
0.001111
0.001116
0.001132
0.001150
0.001121
0.001117
0.001138
0.001125
0.001144
0.001129
0.001121
0.001115
0.001134
0.001145
0.001113
0.001112
0.001128
0.001138
0.001117
0.001122
0.001133
0.001151
0.001124
0.001127
0.001120
0.001118
0.001120
0.001137
0.001169
0.001112
0.001138
0.001119
0.001118
0.001119
0.001133
0.001125
0.001163
0.001111
0.001141
0.001145
0.001126
0.001127
0.001130
0.001128
0.001118
0.001127
0.001123
0.001127
0.001127
0.001119
0.001153
0.001130
0.001127
0.001121
0.001116
0.001152
0.001129
0.001135
0.001142
0.001129
0.001115
0.001123
0.001277
0.001115
0.001115
0.001148
0.001127
0.001114
0.001140
0.001142
0.001118
0.001145
0.001130
0.001133
0.001122
0.001118
0.001126
0.001119
0.001128
0.001113
0.001163
0.001115
0.001138
0.001133
0.001120
0.001120
0.001137
0.001160
0.001118
0.001122
0.001134
0.001141
0.001121
0.001120
0.001138
0.001130
0.001113
0.001131
0.001119
0.001115
0.001136
0.001165
0.001142
0.001143
0.002130
0.001124
0.001119
0.001131
0.001165
0.001127
0.001129
0.001119
0.001135
0.001118
0.001131
0.001135
0.001115
0.001127
0.001131
0.001121
0.001121
0.001149
0.001124
0.001131
0.001139
0.001125
0.001125
0.001119
0.001123
0.001121
0.001154
0.001115
0.001126
0.001116
0.001117
0.001142
0.001119
0.001123
0.001131
0.001147
0.001117
0.001117
0.001154
0.001141
0.001141
0.001115
0.001122
0.001113
0.001114
0.001154
0.001118
0.001139
0.001133
0.001150
0.001117
0.001124
0.001127
0.001119
0.001166
0.001147
0.001136
0.001117
0.001157
0.001127
0.001120
0.001114
0.001143
0.001156
0.001124
0.001125
0.001129
0.001144
0.001116
0.001128
0.001155
0.001122
0.001116
0.001131
0.001116
0.001114
0.001127
0.001140
0.001167
0.001113
0.001132
0.001120
0.001119
0.001117
0.001136
0.001124
0.001119
0.001114
0.001127
0.001117
0.001137
0.001142
0.001130
0.001140
0.001124
0.001135
0.001123
0.001124
0.001139
0.001172
0.001120
0.001116
0.001140
0.001121
0.001136
0.001129
0.001121
0.001141
0.001151
0.001140
0.001124
0.001137
0.001130
0.001122
0.001158
0.001118
0.001151
0.001120
0.001120
0.001139
0.001134
0.001117
0.001136
0.001143
0.001122
0.001116
0.001169
0.001124
0.001161
0.001140
0.001134
0.001124
0.001129
0.001147
0.001122
0.001125
0.001137
0.001137
0.001147
0.001118
0.001133
0.001121
0.001120
0.001143
0.001161
0.001120
0.001123
0.001135
0.001124
0.001122
0.001147
0.001168
0.001122
0.001117
0.001128
0.001123
0.001112
0.001114
0.001137
0.001117
0.001142
0.001132
0.001119
0.001112
0.001131
0.001129
0.001142
0.001118
0.001131
0.001121
0.001118
0.001113
0.001173
0.001134
0.001117
0.001132
0.001121
0.001125
0.001122
0.001138
0.001134
0.001126
0.001154
0.001134
0.001115
0.001116
0.001128
0.001128
0.001111
0.001143
0.001132
0.001121
0.001141
0.001141
0.001119
0.001135
0.001120
0.001134
0.001118
0.001109
0.001161
0.001113
0.001130
0.001112
0.001149
0.001113
0.001113
0.001150
0.001124
0.001127
0.001136
0.001140
0.001145
0.001124
0.001163
0.001124
0.001125
0.001128
0.001132
0.001143
0.001126
0.001135
0.001121
0.001125
0.001127
0.001172
0.001128
0.001125
0.001130
0.001122
0.001117
0.001133
0.001156
0.001121
0.001114
0.001138
0.001117
0.001117
0.001119
0.001149
0.001126
0.001117
0.001159
0.001118
0.001126
0.001116
0.001176
0.001120
0.001117
0.001134
0.001117
0.001119
0.001118
0.001143
0.001132
0.001145
0.001116
0.001133
0.001118
0.001121
0.001136
0.001132
0.001132
0.001122
0.001129
0.001123
0.001148
0.001135
0.001114
0.001133
0.001138
0.001134
0.001116
0.001115
0.001135
0.001154
0.001131
0.001117
0.001124
0.001123
0.001146
0.001127
0.001120
0.001130
0.001118
0.001130
0.001113
0.001110
0.001123
0.001147
0.001133
0.001119
0.001137
0.001120
0.001145
0.001126
0.001124
0.001125
0.001135
0.001132
0.001121
0.001115
0.001163
0.001124
0.001116
0.001163
0.001139
0.001128
0.001118
0.001139
0.001118
0.001123
0.001122
0.001168
0.001118
0.001139
0.001126
0.001136
0.001113
0.001123
0.001136
0.001111
0.001112
0.001140
0.001138
0.001118
0.001125
0.001140
0.001129
0.001137
0.001130
0.001125
0.001114
0.001129
0.001142
0.001137
0.001112
0.001119
0.001132
0.001119
0.001149
0.001131
0.001138
0.001131
0.001116
0.001143
0.001115
0.001122
0.001126
0.001163
0.001117
0.001132
0.001142
0.001117
0.001123
0.001141
0.001123
0.001183
0.001121
0.001156
0.001126
0.001119
0.001154
0.001131
0.001131
0.001139
0.001132
0.001122
0.001123
0.001130
0.001125
0.001128
0.001131
0.001147
0.001117
0.001140
0.001127
0.001163
0.001140
0.001123
0.001140
0.001118
0.001142
0.001133
0.001118
0.001123
0.001151
0.001141
0.001117
0.001118
0.001155
0.001124
0.001118
0.001183
0.001133
0.001135
0.001122
0.001143
0.001119
0.001120
0.001148
0.001150
0.001117
0.001121
0.001136
0.001134
0.001117
0.001125
0.001173
0.001119
0.001121
0.001148
0.001138
0.001126
0.001122
0.001149
0.001130
0.001116
0.001129
0.001115
0.001115
0.001122
0.001155
0.001150
0.001118
0.001124
0.001137
0.001121
0.001119
0.001137
0.001153
0.001134
0.001121
0.001135
0.001120
0.001121
0.001150
0.001138
0.001118
0.001126
0.001129
0.001123
0.001118
0.001136
0.001152
0.001135
0.001136
0.001262
0.001542
0.001542
0.001532
0.001541
0.001591
0.001530
0.001529
0.001566
0.001551
0.001586
0.001540
0.001565
0.001542
0.001580
0.001583
0.001561
0.001571
0.001570
0.001560
0.001582
0.001549
0.001548
0.001592
0.001584
0.001603
0.001542
0.001555
0.001584
0.001564
0.003413
0.002529
0.002980
0.003573
0.002139
0.002953
0.001830
0.001604
0.001587
0.001578
0.005049
0.003090
0.002390
0.002032
0.002070
0.002222
0.002297
0.002623
0.004199
0.002692
0.002943
0.001954
0.001996
0.003750
0.002986
0.003443
0.003862
0.004056
0.003890
0.002669
0.002044
0.004271
0.003206
0.003519
0.001816
0.002075
0.003994
0.003568
0.003178
0.003382
0.003239
0.003198
0.002571
0.002448
0.003054
0.004627
0.001291
0.002866
0.002363
0.002713
0.002377
0.004238
0.002602
0.003390
0.002252
0.004323
0.003805
0.001834
0.002539
0.003480
0.003421
0.002676
0.002785
0.002533
0.001955
0.001913
0.002420
0.002402
0.003046
0.003834
0.002124
0.004199
0.001189
0.001572
0.001549
0.001456
0.001628
0.001531
0.002246
0.002198
0.001980
0.001981
0.002625
0.003437
0.002980
0.003620
0.002222
0.002800
0.002417
0.002179
0.003156
0.002654
0.001211
0.001203
0.001275
0.001216
0.001313
0.001415
0.003182
0.002573
0.001681
0.002112
0.002389
0.002304
0.002671
0.002264
0.002076
0.001805
0.001848
0.002205
0.002158
0.001793
0.002786
0.002882
0.002000
0.002162
0.002176
0.001803
0.001887
0.001896
0.002080
0.001872
0.001870
0.001670
0.001847
0.001365
0.001181
0.001185
0.001180
0.001173
0.001203
0.001178
0.001182
0.001204
0.001195
0.001174
0.001181
0.001196
0.001173
0.001216
0.001187
0.001196
0.001189
0.001287
0.001182
0.001179
0.001207
0.001212
0.001185
0.001179
0.001192
0.001173
0.001181
0.001325
0.001188
0.001241
0.001176
0.001180
0.001180
0.001153
0.001197
0.001170
0.001267
0.001175
0.001233
0.001160
0.001164
0.001331
0.001168
0.001143
0.001207
0.001147
0.001141
0.001155
0.001318
0.001152
0.001144
0.001162
0.001156
0.001270
0.001188
0.001184
0.001210
0.001157
0.001153
0.001146
0.001143
0.001269
0.001163
0.001162
0.001143
0.001144
0.001153
0.001147
0.001265
0.001168
0.001146
0.001162
0.001136
0.001144
0.001282
0.001168
0.001156
0.001150
0.001172
0.001155
0.001153
0.001295
0.001195
0.001174
0.001155
0.001156
0.001148
0.001158
0.001174
0.001270
0.001172
0.001157
0.001160
0.001150
0.001260
0.001175
0.001143
0.001186
0.001163
0.001144
0.001146
0.001153
0.001295
0.001168
0.001183
0.001209
0.001166
0.001309
0.001165
0.001161
0.001164
0.001201
0.001192
0.001179
0.001333
0.001178
0.001180
0.001181
0.001200
0.001192
0.001170
0.001183
0.001293
0.001172
0.001188
0.001208
0.001170
0.001853
0.001513
0.001341
0.001206
0.001189
0.001172
0.001188
0.001171
0.001196
0.001329
0.001201
0.001227
0.001202
0.001189
0.001322
0.001195
0.001210
0.001217
0.001207
0.001209
0.001188
0.001293
0.001190
0.001187
0.001781
0.001578
0.001259
0.001205
0.001323
0.001169
0.001189
0.001168
0.001176
0.001302
0.001165
0.001157
0.001152
0.001172
0.001156
0.001165
0.001184
0.001296
0.001163
0.001161
0.001156
0.001248
0.001536
0.001181
0.001377
0.001215
0.001298
0.001376
0.001488
0.001189
0.001397
0.001369
0.001341
0.001198
0.001445
0.001373
0.001192
0.001152
0.001462
0.001636
0.001159
0.001995
0.002633
0.002807
0.002653
0.002575
0.001856
0.001855
0.001863
0.001837
0.001945
0.001921
0.001776
0.001748
0.001825
0.001825
0.001781
0.001774
0.001800
0.001392
0.001183
0.001176
0.001161
0.001168
0.001176
0.001252
0.001170
0.001169
0.001203
0.001181
0.001180
0.001173
0.001180
0.001175
0.001178
0.001313
0.001170
0.002023
0.001327
0.001180
0.002945
0.004978
0.022631
0.001517
0.001312
0.001177
0.001163
0.001164
0.001189
0.001235
0.001171
0.001171
0.001181
0.001151
0.001153
0.001333
0.001396
0.001417
0.001421
0.001366
0.001388
0.001375
0.001363
0.001375
0.001373
0.002999
0.001650
0.001239
0.001135
0.001141
0.001182
0.001284
0.001141
0.001158
0.001140
0.001151
0.001174
0.001156
0.001320
0.001216
0.001422
0.001401
0.001393
0.001281
0.001390
0.001405
0.001366
0.001223
0.001472
0.001405
0.001418
0.001209
0.001315
0.001157
0.001165
0.001151
0.001170
0.001151
0.001338
0.001328
0.001475
0.001760
0.001580
0.001338
0.001186
0.001205
0.001147
0.001250
0.001385
0.003346
0.002203
0.001555
0.001523
0.001176
0.001291
0.001380
0.001152
0.001152
0.001272
0.001130
0.001133
0.001146
0.001184
0.001172
0.001183
0.001345
0.001159
0.001183
0.001174
0.001197
0.001283
0.001200
0.001211
0.001170
0.001168
0.001223
0.001271
0.001182
0.001333
0.001314
0.001539
0.001497
0.001413
0.001425
0.001420
0.001836
0.003325
0.003666
0.002915
0.003002
0.003181
0.002638
0.002476
0.002513
0.002477
0.002114
0.002041
0.002100
0.002180
0.002037
0.002067
0.002353
0.002324
0.002231
0.002567
0.001601
0.001369
0.001391
0.001449
0.001267
0.001448
0.001423
0.003916
0.005441
0.003554
0.003936
0.001945
0.001976
0.003518
0.002119
0.001609
0.003070
0.003183
0.003413
0.004313
0.007988
0.005031
0.001544
0.004104
0.003295
0.006024
0.003975
0.003683
0.003565
0.003700
0.003193
0.003081
0.002757
0.002586
0.002778
0.002621
0.002638
0.002537
0.002368
0.002391
0.002683
0.002791
0.002172
0.002733
0.002699
0.002503
0.002150
0.001532
0.001399
0.001271
0.001198
0.001194
0.001201
0.001643
0.001463
0.001227
0.001202
0.001140
0.001146
0.001310
0.001241
0.001373
0.002328
0.003093
0.001429
0.001148
0.001317
0.001397
0.001252
0.001386
0.001401
0.001394
0.001186
0.001286
0.001169
0.001272
0.001157
0.001155
0.001162
0.001157
0.001186
0.001400
0.001181
0.001340
0.001381
0.001441
0.060542
0.001872
0.002002
0.001883
0.001846
0.001847
0.001968
0.001751
0.001731
0.001735
0.001963
0.001726
0.001738
0.001803
0.001320
0.001128
0.001139
0.001168
0.001156
0.001216
0.001371
0.001338
0.001196
0.001188
0.001802
0.001343
0.001448
0.001403
0.003977
0.004690
0.004426
0.001768
0.001393
0.001422
0.001358
0.001502
0.001382
0.001407
0.003210
0.001366
0.003486
0.001429
0.001293
0.001320
0.001351
0.001519
0.001371
0.001407
0.001354
0.001397
0.001494
0.001315
0.001441
0.001384
0.001542
0.001839
0.001283
0.001343
0.001398
0.001362
0.001185
0.001437
0.001388
0.001392
0.001855
0.002267
0.001266
0.001174
0.001122
0.001303
0.001130
0.001214
0.001133
0.001120
0.001133
0.001127
0.001236
0.001135
0.001129
0.001164
0.001157
0.001154
0.001271
0.001166
0.001170
0.001283
0.001182
0.001457
0.001424
0.001417
0.001392
0.001827
0.001513
0.001280
0.001177
0.001336
0.003460
0.003355
0.002825
0.001404
0.001190
0.001530
0.001414
0.001197
0.001257
0.001171
0.001171
0.001409
0.001265
0.001661
0.001589
0.001229
0.001257
0.001324
0.001301
0.001169
0.001312
0.001366
0.001145
0.001562
0.001407
0.001875
0.001294
0.001144
0.001177
0.001158
0.001153
0.001184
0.001182
0.001145
0.001156
0.001140
0.001140
0.001128
0.001154
0.001166
0.001137
0.001121
0.001133
0.001186
0.001129
0.001153
0.001163
0.001156
0.001130
0.001137
0.001144
0.001130
0.001125
0.001183
0.001126
0.001124
0.001125
0.001167
0.001142
0.001125
0.001139
0.001143
0.001121
0.001148
0.001132
0.001121
0.001152
0.001148
0.001130
0.001167
0.001135
0.001190
0.001121
0.001127
0.001262
0.001179
0.001214
0.001174
0.001154
0.001200
0.001401
0.001132
0.001370
0.001228
0.001198
0.001295
0.001256
0.001201
0.001177
0.001245
0.001260
0.001358
0.001304
0.001210
0.001372
0.001244
0.001330
0.001351
0.001233
0.001338
0.001393
0.001128
0.001402
0.001328
0.001145
0.001376
0.001338
0.001194
0.001378
0.001279
0.001245
0.001351
0.001255
0.001217
0.001386
0.001269
0.001236
0.001421
0.001172
0.001271
0.001402
0.001172
0.001325
0.001349
0.001161
0.001322
0.001345
0.001222
0.001323
0.001367
0.001182
0.001368
0.001373
0.001192
0.001383
0.001413
0.001180
0.001372
0.001391
0.001168
0.001393
0.001381
0.001164
0.001374
0.001817
0.001452
0.003026
0.005124
0.002917
0.003116
0.003473
0.002707
0.002231
0.002431
0.004527
0.002311
0.002294
0.004521
0.001993
0.001635
0.003240
0.002186
0.002002
0.003577
0.001872
0.001962
0.002106
0.002132
0.002208
0.003681
0.002129
0.001697
0.001937
0.003609
0.003506
0.001730
0.001408
0.003770
0.001944
0.002299
0.001616
0.002129
0.001620
0.002076
0.003716
0.001874
0.002095
0.001911
0.002169
0.001962
0.001413
0.001179
0.001358
0.001370
0.001249
0.001442
0.001366
0.001160
0.001611
0.003676
0.004934
0.001485
0.002293
0.006816
0.006280
0.004628
0.004092
0.005060
0.001337
0.004449
0.005932
0.004065
0.003317
0.005847
0.005114
0.005182
0.002517
0.003736
0.002220
0.001556
0.001170
0.001318
0.001516
0.001365
0.001386
0.001347
0.001367
0.001359
0.001366
0.001402
0.001355
0.001331
0.003388
0.002236
0.002314
0.001880
0.001586
0.001378
0.001223
0.001410
0.001350
0.001530
0.001396
0.001387
0.001184
0.001387
0.001484
0.001774
0.001475
0.001329
0.001355
0.001353
0.001328
0.001462
0.001169
0.001411
0.002720
0.001862
0.001334
0.001365
0.001396
0.001653
0.001903
0.002028
0.001683
0.001316
0.003167
0.001426
0.003727
0.001634
0.001362
0.001320
0.001409
0.001277
0.001349
0.001376
0.001163
0.001410
0.001648
0.001772
0.003169
0.001448
0.001194
0.001210
0.001151
0.001299
0.001255
0.001370
0.001904
0.003587
0.001718
0.001426
0.001354
0.001329
0.001378
0.001361
0.001419
0.001372
0.001376
0.001338
0.001431
0.001368
0.001346
0.003411
0.001652
0.001218
0.001325
0.001339
0.001394
0.001451
0.001343
0.003481
0.002980
0.002027
0.001769
0.003422
0.001342
0.001182
0.001378
0.001167
0.001236
0.001397
0.001434
0.001574
0.003193
0.003500
0.001200
0.001155
0.001148
0.001193
0.001190
0.001863
0.003205
0.005746
0.001998
0.001597
0.003601
0.002032
0.001879
0.001496
0.001688
0.002637
0.001778
0.001709
0.001819
0.001726
0.006119
0.004212
0.003819
0.002326
0.002109
0.001807
0.001345
0.001283
0.001289
0.001412
0.001530
0.001320
0.001171
0.001387
0.001293
0.001354
0.001387
0.001158
0.001905
0.001585
0.001396
0.001326
0.001407
0.001216
0.001381
0.001161
0.001393
0.001612
0.001541
0.002027
0.001784
0.001486
0.001396
0.001379
0.001330
0.001493
0.001338
0.001372
0.001351
0.001965
0.003189
0.001780
0.001453
0.001303
0.001364
0.001385
0.001158
0.001995
0.001708
0.001400
0.001911
0.001247
0.001441
0.001325
0.001408
0.003549
0.001575
0.001392
0.001372
0.001339
0.001329
0.001651
0.005961
0.001726
0.001499
0.001360
0.001316
0.001384
0.001493
0.001571
0.002224
0.002183
0.001372
0.001415
0.001330
0.001395
0.001410
0.001215
0.001182
0.001149
0.001283
0.001242
0.001353
0.001261
0.001240
0.001371
0.001140
0.001440
0.001349
0.001140
0.001252
0.001148
0.001225
0.001161
0.001131
0.001134
0.001128
0.001158
0.001124
0.001248
0.001147
0.001122
0.001131
0.001127
0.001161
0.001261
0.001168
0.001165
0.001152
0.001154
0.001165
0.001241
0.001161
0.001181
0.002130
0.001653
0.004356
0.004321
0.003633
0.006531
0.006246
0.004599
0.006802
0.004323
0.007176
0.004181
0.004809
0.006943
0.003864
0.002751
0.002850
0.005386
0.007017
0.002641
0.003232
0.002812
0.002210
0.001790
0.001771
0.004099
0.001872
0.001359
0.001174
0.001183
0.001275
0.001346
0.001349
0.001208
0.001399
0.001167
0.001552
0.001391
0.001198
0.001470
0.001961
0.001234
0.001353
0.001365
0.001499
0.005202
0.001688
0.001182
0.001160
0.001516
0.001588
0.001509
0.001170
0.001173
0.001272
0.001160
0.001237
0.001374
0.001194
0.001370
0.001343
0.001188
0.001368
0.001129
0.001363
0.001160
0.001220
0.001117
0.001126
0.001147
0.001134
0.001147
0.001244
0.001120
0.001118
0.001119
0.001142
0.001227
0.001129
0.001143
0.001114
0.001115
0.001213
0.001182
0.001153
0.001170
0.001463
0.001142
0.001374
0.001168
0.001341
0.001462
0.001198
0.001404
0.001156
0.001354
0.001373
0.001271
0.001418
0.001186
0.001683
0.001501
0.001171
0.001270
0.001509
0.001233
0.001160
0.001616
0.001332
0.001177
0.001284
0.001464
0.001404
0.001386
0.001454
0.001778
0.002369
0.002715
0.003697
0.003043
0.002024
0.043880
0.001164
0.001140
0.001152
0.001128
0.001193
0.001985
0.003008
0.001503
0.001185
0.001166
0.001136
0.001159
0.001139
0.001134
0.001177
0.001126
0.001154
0.001180
0.001135
0.001126
0.001147
0.001127
0.001190
0.001137
0.001157
0.001123
0.001128
0.001162
0.001128
0.001131
0.001217
0.001131
0.001159
0.001158
0.001275
0.001162
0.001155
0.001177
0.001189
0.001160
0.001244
0.001147
0.001835
0.002015
0.003904
0.004508
0.003583
0.003357
0.006711
0.003549
0.001495
0.001249
0.001294
0.001351
0.001372
0.001512
0.001646
0.003288
0.003550
0.001635
0.001195
0.001358
0.001410
0.001735
0.001514
0.001211
0.001366
0.001250
0.001268
0.001364
0.001153
0.001403
0.001156
0.001329
0.001234
0.001142
0.001137
0.001135
0.001145
0.001157
0.001143
0.001160
0.001139
0.001142
0.001135
0.001155
0.001130
0.001135
0.001145
0.001124
0.001113
0.001124
0.001134
0.001121
0.001142
0.001139
0.001120
0.001124
0.001122
0.001133
0.001139
0.001130
0.001129
0.001125
0.001121
0.001125
0.001144
0.001123
0.001134
0.001146
0.001118
0.001122
0.001122
0.001148
0.001117
0.001155
0.001154
0.001120
0.001121
0.001127
0.001131
0.001133
0.001150
0.001195
0.001152
0.001150
0.001147
0.001159
0.001154
0.001164
0.001180
0.001151
0.001152
0.001149
0.001174
0.001153
0.001158
0.002271
0.003428
0.014351
0.005410
0.005450
0.006095
0.003953
0.003321
0.006309
0.006455
0.003707
0.001514
0.005254
0.006154
0.005417
0.003659
0.008797
0.001566
0.003421
0.005433
0.005062
0.003630
0.003355
0.003551
0.003762
0.003309
0.002937
0.003418
0.002663
0.002566
0.002357
0.002360
0.001986
0.002074
0.002259
0.001463
0.001305
0.001157
0.001405
0.001267
0.001341
0.001279
0.001275
0.001374
0.001151
0.001390
0.001549
0.001865
0.001411
0.001206
0.001170
0.001197
0.001170
0.001440
0.001261
0.001155
0.001286
0.001177
0.001281
0.001403
0.001421
0.001284
0.001398
0.001159
0.001365
0.001419
0.001212
0.001387
0.001809
0.001839
0.001240
0.001128
0.001165
0.001165
0.001123
0.001121
0.001144
0.001117
0.001129
0.001136
0.001149
0.001114
0.001120
0.001154
0.001123
0.001118
0.001121
0.001196
0.001120
0.001126
0.001145
0.001120
0.001119
0.001142
0.001141
0.001122
0.001121
0.001134
0.001122
0.001121
0.001135
0.001154
0.001131
0.001123
0.001136
0.001120
0.001125
0.001118
0.001154
0.001120
0.001124
0.001135
0.001123
0.001684
0.001293
0.001119
0.001149
0.001120
0.001143
0.001119
0.001150
0.001121
0.001124
0.001144
0.001135
0.001121
0.001122
0.001152
0.001121
0.001116
0.001130
0.001118
0.001132
0.001172
0.001158
0.001122
0.001122
0.001137
0.001144
0.001145
0.001130
0.001143
0.001121
0.001157
0.001142
0.001117
0.001122
0.001159
0.001142
0.001168
0.001129
0.001150
0.001122
0.001170
0.001178
0.001196
0.001156
0.001140
0.001177
0.001145
0.001177
0.001153
0.001180
0.001189
0.001179
0.001177
0.001180
0.001150
0.001365
0.001124
0.001313
0.001304
0.001201
0.001378
0.001135
0.002746
0.002652
0.002415
0.002345
0.002324
0.002359
0.002339
0.002221
0.002135
0.002136
0.002130
0.002342
0.002126
0.002043
0.002027
0.001966
0.001975
0.001968
0.001945
0.001479
0.001253
0.001132
0.001129
0.001117
0.001113
0.001162
0.001210
0.001119
0.001144
0.001123
0.001116
0.001120
0.001131
0.001142
0.001118
0.001214
0.001124
0.001136
0.001123
0.001130
0.001136
0.001200
0.001127
0.001122
0.001119
0.001123
0.001154
0.001205
0.001139
0.001157
0.001129
0.001120
0.001122
0.001229
0.001139
0.001131
0.001139
0.001124
0.001206
0.001125
0.001133
0.001122
0.001157
0.001147
0.001139
0.001231
0.001285
0.001153
0.001381
0.001133
0.001477
0.001122
0.001361
0.001133
0.001349
0.001131
0.001453
0.001191
0.001324
0.001340
0.001150
0.001362
0.001141
0.001219
0.001134
0.001371
0.001180
0.001267
0.001244
0.001263
0.001445
0.001126
0.001268
0.001114
0.001120
0.001162
0.001129
0.001116
0.001123
0.001209
0.001124
0.001128
0.001144
0.001144
0.001125
0.001128
0.001181
0.001149
0.001148
0.001174
0.001158
0.001208
0.001173
0.001156
0.001149
0.001147
0.001170
0.001171
0.001161
0.001165
0.001148
0.001211
0.064591
0.002557
0.002617
0.002784
0.002318
0.002328
0.002329
0.002326
0.002347
0.002128
0.002556
0.001828
0.002059
0.001373
0.001374
0.001151
0.001375
0.001152
0.001432
0.001166
0.001325
0.001345
0.001147
0.001237
0.001175
0.001154
0.001145
0.001160
0.001315
0.001154
0.001246
0.001310
0.001455
0.001800
0.001524
0.003229
0.004739
0.006859
0.004627
0.001788
0.003602
0.006740
0.001679
0.001183
0.001264
0.003365
0.001406
0.001669
0.003833
0.001860
0.001905
0.002323
0.002059
0.002082
0.001677
0.003760
0.001434
0.001294
0.001217
0.001341
0.001476
0.001333
0.001366
0.001349
0.001363
0.001368
0.001729
0.001560
0.001925
0.001616
0.001355
0.001341
0.001327
0.001352
0.001409
0.001333
0.001335
0.001375
0.001325
0.003537
0.002004
0.001463
0.001344
0.001356
0.001426
0.001320
0.001349
0.001362
0.001323
0.001356
0.001360
0.001511
0.001658
0.001375
0.001338
0.001351
0.001401
0.004235
0.001202
0.001392
0.001546
0.001925
0.002122
0.003868
0.003314
0.003278
0.003303
0.003106
0.003079
0.002399
0.002066
0.002481
0.001903
0.001487
0.001235
0.001369
0.001294
0.001528
0.001658
0.001389
0.001355
0.001321
0.001353
0.001593
0.001179
0.001618
0.002007
0.002062
0.001504
0.001209
0.001429
0.001160
0.001359
0.001167
0.002012
0.002053
0.001626
0.001784
0.001917
0.001804
0.005187
0.001210
0.001155
0.001923
0.001440
0.001468
0.003412
0.001822
0.001450
0.001148
0.001148
0.001255
0.001255
0.001442
0.001401
0.001333
0.001356
0.001363
0.001404
0.001328
0.001187
0.001833
0.001427
0.001217
0.001369
0.001354
0.001326
0.001440
0.001171
0.001851
0.001536
0.001273
0.001378
0.001158
0.001504
0.001156
0.001399
0.001204
0.002086
0.001692
0.001441
0.001957
0.001471
0.001406
0.001193
0.001637
0.001518
0.002238
0.002235
0.001192
0.001164
0.001188
0.001278
0.001191
0.001280
0.001197
0.001404
0.001341
0.001187
0.001288
0.001204
0.001287
0.001186
0.001324
0.001129
0.001125
0.001168
0.001181
0.001163
0.001163
0.001230
0.001160
0.001154
0.001148
0.001224
0.001157
0.001149
0.001242
0.001943
0.001645
0.001703
0.004281
0.004996
0.003506
0.005618
0.004224
0.005346
0.004543
0.004472
0.006474
0.003731
0.004027
0.004712
0.001779
0.003301
0.003783
0.003726
0.003642
0.001812
0.001498
0.001311
0.001310
0.001573
0.003394
0.003671
0.001449
0.001527
0.003711
0.001480
0.001188
0.002125
0.003475
0.003652
0.001853
0.001573
0.001528
0.001529
0.001678
0.001506
0.001808
0.001518
0.001759
0.001570
0.001520
0.001160
0.001154
0.001158
0.001123
0.001151
0.001120
0.001121
0.001120
0.001205
0.001136
0.001125
0.001145
0.001119
0.001121
0.001129
0.001180
0.001146
0.001148
0.001158
0.001144
0.001225
0.001201
0.001144
0.001173
0.001148
0.001972
0.001530
0.007021
0.004655
0.001883
0.006046
0.006859
0.002136
0.001404
0.001332
0.003783
0.003484
0.003410
0.003001
0.002870
0.003033
0.002896
0.002790
0.002714
0.002624
0.002839
0.002588
0.002183
0.002290
0.002188
0.001947
0.001457
0.001322
0.001884
0.001417
0.001208
0.001360
0.001306
0.001312
0.001178
0.001166
0.001127
0.001135
0.001123
0.001153
0.001148
0.001207
0.001178
0.001121
0.001143
0.001116
0.001117
0.001196
0.001147
0.001121
0.001149
0.001153
0.001115
0.001129
0.001126
0.001152
0.001110
0.001120
0.001142
0.001152
0.001119
0.001118
0.001159
0.001117
0.001144
0.001130
0.001116
0.001142
0.001164
0.001168
0.001173
0.001150
0.001163
0.001207
0.001147
0.001147
0.001188
0.001149
0.001144
0.001158
0.001170
0.001150
0.001157
0.001914
0.001433
0.001220
0.001229
0.001178
0.001193
0.001260
0.001255
0.001169
0.001693
0.001697
0.001366
0.001635
0.001266
0.001379
0.001221
0.001676
0.001638
0.001558
0.001216
0.001152
0.001138
0.001148
0.001113
0.001129
0.001111
0.001161
0.001173
0.001146
0.001169
0.001146
0.001180
0.001145
0.001147
0.001693
0.001584
0.001231
0.001216
0.001156
0.001145
0.001984
0.001452
0.001178
0.001185
0.001713
0.001534
0.001199
0.001193
0.001151
0.001149
0.001142
0.001201
0.001141
0.001667
0.001483
0.001218
0.001883
0.001557
0.001148
0.001215
0.001736
0.001671
0.001301
0.002112
0.001642
0.001259
0.001201
0.001168
0.002032
0.001348
0.001197
0.001176
0.001150
0.001153
0.001169
0.001150
0.001177
0.001930
0.001352
0.001181
0.001171
0.001146
