0.001219
0.000235
0.000243
0.000227
0.000239
0.000223
0.000233
0.000225
0.000229
0.000226
0.000230
0.000243
0.000233
0.000231
0.000230
0.000230
0.000226
0.000229
0.000229
0.000236
0.000234
0.000232
0.000233
0.000232
0.000227
0.000348
0.000344
0.000316
0.000193
0.000184
0.000184
0.000183
0.000180
0.000200
0.000225
0.000262
0.000270
0.000254
0.000280
0.000313
0.000354
0.000390
0.000278
0.000149
0.000154
0.000136
0.000140
0.000136
0.000159
0.000138
0.000146
0.000132
0.000112
0.000109
0.000110
0.000108
0.000108
0.000109
0.000111
0.000112
0.000110
0.000109
0.000109
0.000108
0.000109
0.000109
0.000108
0.000114
0.000109
0.000109
0.000110
0.000110
0.000110
0.000108
0.000138
0.000109
0.000108
0.000108
0.000107
0.000111
0.000108
0.000109
0.000107
0.000108
0.000106
0.000109
0.000107
0.000108
0.000108
0.000107
0.000110
0.000107
0.000109
0.000106
0.000109
0.000108
0.000109
0.000107
0.000110
0.000108
0.000108
0.000106
0.000108
0.000107
0.000107
0.000107
0.000107
0.000108
0.000109
0.000108
0.000134
0.000107
0.000107
0.000107
0.000107
0.000105
0.000106
0.000106
0.000113
0.000107
0.000110
0.000107
0.000108
0.000106
0.000108
0.000108
0.000109
0.000110
0.000105
0.000112
0.000109
0.000120
0.000111
0.000116
0.000108
0.000111
0.000110
0.000114
0.000112
0.000113
0.000185
0.000164
0.000165
0.000282
0.000210
0.000269
0.000140
0.000164
0.000214
0.000202
0.000172
0.000142
0.000137
0.000136
0.000145
0.000156
0.000126
0.000112
0.000109
0.000110
0.000110
0.000110
0.000108
0.000110
0.000111
0.000108
0.000166
0.000158
0.000188
0.000160
0.000230
0.000173
0.000169
0.000216
0.000219
0.000250
0.000283
0.000204
0.000234
0.000194
0.000166
0.000180
0.000163
0.000155
0.000181
0.000194
0.000207
0.000186
0.000305
0.000136
0.000108
0.000109
0.000107
0.000108
0.000109
0.000109
0.000107
0.000113
0.000118
0.000118
0.000108
0.000109
0.000107
0.000110
0.000107
0.000110
0.000106
0.000109
0.000109
0.000111
0.000111
0.000111
0.000112
0.000111
0.000112
0.000111
0.000113
0.000110
0.000115
0.000111
0.000111
0.000119
0.000120
0.000108
0.000108
0.000108
0.000109
0.000110
0.000111
0.000110
0.000110
0.000110
0.000108
0.000106
0.000110
0.000106
0.000108
0.000108
0.000114
0.000108
0.000111
0.000108
0.000107
0.000108
0.000108
0.000109
0.000108
0.000109
0.000111
0.000109
0.000112
0.000108
0.000108
0.000108
0.000108
0.000109
0.000107
0.000122
0.000107
0.000113
0.000108
0.000110
0.000109
0.000110
0.000107
0.000107
0.000109
0.000107
0.000110
0.000108
0.000112
0.000108
0.000110
0.000107
0.000109
0.000107
0.000110
0.000106
0.000110
0.000111
0.000113
0.000108
0.000110
0.000107
0.000109
0.000108
0.000109
0.000107
0.000109
0.000112
0.000109
0.000110
0.000108
0.000117
0.000111
0.000125
0.000125
0.000110
0.000108
0.000110
0.000110
0.000112
0.000111
0.000111
0.000109
0.000111
0.000111
0.000112
0.000109
0.000117
0.000110
0.000113
0.000108
0.000113
0.000108
0.000112
0.000108
0.000113
0.000108
0.000117
0.000109
0.000116
0.000110
0.000112
0.000108
0.000109
0.000109
0.000113
0.000136
0.000111
0.000111
0.000107
0.000110
0.000108
0.000111
0.000108
0.000110
0.000110
0.000114
0.000108
0.000112
0.000108
0.000110
0.000109
0.000110
0.000109
0.000110
0.000110
0.000110
0.000110
0.000110
0.000109
0.000110
0.000110
0.000110
0.000109
0.000109
0.000109
0.000111
0.000113
0.000110
0.000112
0.000112
0.000149
0.000109
0.000117
0.000110
0.000115
0.000110
0.000114
0.000109
0.000113
0.000108
0.000112
0.000110
0.000109
0.000112
0.000110
0.000115
0.000111
0.000110
0.000110
0.000110
0.000108
0.000110
0.000109
0.000113
0.000108
0.000117
0.000109
0.000112
0.000109
0.000111
0.000109
0.000110
0.000110
0.000111
0.000111
0.000119
0.000111
0.000111
0.000110
0.000112
0.000109
0.000112
0.000110
0.000110
0.000112
0.000113
0.000112
0.000115
0.000109
0.000119
0.000111
0.000114
0.000109
0.000112
0.000111
0.000116
0.000111
0.000112
0.000110
0.000112
0.000113
0.000110
0.000112
0.000112
0.000113
0.000113
0.000113
0.000112
0.000113
0.000110
0.000129
0.000111
0.000113
0.000110
0.000116
0.000109
0.000112
0.000112
0.000112
0.000113
0.000111
0.000116
0.000112
0.000114
0.000113
0.000114
0.000113
0.000111
0.000111
0.000110
0.000110
0.000109
0.000111
0.000115
0.000111
0.000116
0.000108
0.000111
0.000109
0.000110
0.000110
0.000110
0.000111
0.000110
0.000112
0.000119
0.000116
0.000110
0.000112
0.000110
0.000112
0.000112
0.000113
0.000112
0.000112
0.000113
0.000108
0.000112
0.000110
0.000112
0.000109
0.000117
0.000111
0.000114
0.000110
0.000111
0.000109
0.000111
0.000109
0.000111
0.000110
0.000114
0.000110
0.000109
0.000111
0.000108
0.000113
0.000108
0.000112
0.000110
0.000120
0.000108
0.000114
0.000108
0.000112
0.000109
0.000114
0.000109
0.000112
0.000112
0.000114
0.000111
0.000110
0.000115
0.000109
0.000113
0.000108
0.000112
0.000110
0.000116
0.000109
0.000112
0.000108
0.000113
0.000107
0.000112
0.000109
0.000115
0.000108
0.000116
0.000109
0.000109
0.000112
0.000107
0.000112
0.000122
0.000114
0.000109
0.000163
0.000121
0.000136
0.000112
0.000115
0.000108
0.000113
0.000110
0.000163
0.000109
0.000115
0.000109
0.000111
0.000112
0.000110
0.000111
0.000111
0.000116
0.000109
0.000116
0.000108
0.000113
0.000108
0.000114
0.000108
0.000113
0.000110
0.000116
0.000108
0.000111
0.000111
0.000117
0.000111
0.000110
0.000113
0.000111
0.000115
0.000109
0.000112
0.000107
0.000113
0.000108
0.000112
0.000107
0.000117
0.000110
0.000118
0.000111
0.000113
0.000111
0.000109
0.000111
0.000110
0.000111
0.000112
0.000114
0.000110
0.000112
0.000108
0.000113
0.000108
0.000113
0.000109
0.000114
0.000109
0.000115
0.000120
0.000112
0.000110
0.000110
0.000111
0.000110
0.000111
0.000111
0.000114
0.000109
0.000111
0.000109
0.000112
0.000109
0.000111
0.000111
0.000114
0.000108
0.000114
0.000108
0.000110
0.000111
0.000110
0.000112
0.000111
0.000113
0.000110
0.000114
0.000109
0.000110
0.000109
0.000112
0.000109
0.000111
0.000111
0.000123
0.000110
0.000109
0.000112
0.000108
0.000112
0.000108
0.000112
0.000112
0.000113
0.000113
0.000113
0.000111
0.000112
0.000109
0.000112
0.000110
0.000115
0.000111
0.000114
0.000110
0.000110
0.000112
0.000108
0.000113
0.000108
0.000113
0.000110
0.000115
0.000109
0.000113
0.000109
0.000113
0.000108
0.000112
0.000116
0.000114
0.000110
0.000114
0.000110
0.000110
0.000111
0.000108
0.000112
0.000108
0.000113
0.000110
0.000116
0.000108
0.000113
0.000109
0.000113
0.000108
0.000112
0.000109
0.000116
0.000108
0.000114
0.000108
0.000110
0.000112
0.000111
0.000113
0.000110
0.000115
0.000108
0.000115
0.000108
0.000112
0.000108
0.000125
0.000107
0.000112
0.000109
0.000115
0.000109
0.000111
0.000110
0.000109
0.000111
0.000109
0.000111
0.000112
0.000113
0.000110
0.000112
0.000107
0.000113
0.000107
0.000117
0.000107
0.000117
0.000109
0.000118
0.000109
0.000111
0.000112
0.000112
0.000111
0.000110
0.000111
0.000111
0.000113
0.000109
0.000111
0.000118
0.000112
0.000109
0.000110
0.000110
0.000114
0.000109
0.000115
0.000108
0.000111
0.000111
0.000109
0.000111
0.000111
0.000111
0.000112
0.000113
0.000109
0.000110
0.000109
0.000113
0.000110
0.000111
0.000111
0.000113
0.000110
0.000112
0.000109
0.000108
0.000113
0.000107
0.000112
0.000111
0.000114
0.000110
0.000126
0.000109
0.000111
0.000108
0.000113
0.000109
0.000112
0.000110
0.000113
0.000110
0.000109
0.000112
0.000107
0.000113
0.000108
0.000112
0.000116
0.000116
0.000110
0.000114
0.000110
0.000112
0.000111
0.000112
0.000110
0.000114
0.000110
0.000113
0.000109
0.000110
0.000112
0.000108
0.000113
0.000108
0.000112
0.000115
0.000115
0.000109
0.000113
0.000108
0.000114
0.000108
0.000113
0.000109
0.000115
0.000109
0.000116
0.000109
0.000113
0.000111
0.000109
0.000112
0.000110
0.000111
0.000111
0.000113
0.000109
0.000111
0.000109
0.000112
0.000110
0.000110
0.000110
0.000114
0.000110
0.000114
0.000109
0.000109
0.000112
0.000109
0.000111
0.000117
0.000114
0.000109
0.000114
0.000109
0.000111
0.000109
0.000112
0.000109
0.000111
0.000111
0.000113
0.000109
0.000109
0.000112
0.000107
0.000112
0.000107
0.000112
0.000110
0.000114
0.000108
0.000112
0.000109
0.000112
0.000110
0.000111
0.000110
0.000114
0.000110
0.000114
0.000111
0.000109
0.000112
0.000107
0.000123
0.000108
0.000112
0.000109
0.000114
0.000108
0.000113
0.000107
0.000113
0.000107
0.000112
0.000116
0.000126
0.000109
0.000114
0.000109
0.000110
0.000111
0.000107
0.000111
0.000109
0.000112
0.000110
0.000116
0.000108
0.000112
0.000108
0.000112
0.000108
0.000112
0.000109
0.000114
0.000108
0.000114
0.000108
0.000117
0.000113
0.000108
0.000114
0.000111
0.000113
0.000110
0.000114
0.000109
0.000112
0.000110
0.000112
0.000110
0.000111
0.000110
0.000114
0.000110
0.000110
0.000112
0.000107
0.000112
0.000109
0.000112
0.000111
0.000114
0.000111
0.000112
0.000110
0.000113
0.000110
0.000132
0.000112
0.000115
0.000110
0.000115
0.000125
0.000110
0.000112
0.000109
0.000113
0.000108
0.000113
0.000110
0.000115
0.000109
0.000113
0.000109
0.000112
0.000110
0.000112
0.000111
0.000114
0.000110
0.000114
0.000111
0.000110
0.000112
0.000109
0.000113
0.000109
0.000112
0.000109
0.000117
0.000108
0.000113
0.000108
0.000114
0.000108
0.000112
0.000111
0.000120
0.000110
0.000113
0.000109
0.000109
0.000112
0.000108
0.000113
0.000109
0.000115
0.000109
0.000116
0.000108
0.000113
0.000107
0.000113
0.000107
0.000112
0.000109
0.000115
0.000109
0.000110
0.000110
0.000109
0.000110
0.000109
0.000112
0.000109
0.000115
0.000109
0.000113
0.000111
0.000114
0.000109
0.000112
0.000115
0.000117
0.000109
0.000115
0.000109
0.000112
0.000110
0.000110
0.000111
0.000109
0.000110
0.000112
0.000112
0.000110
0.000113
0.000108
0.000112
0.000109
0.000112
0.000109
0.000115
0.000109
0.000115
0.000107
0.000111
0.000111
0.000109
0.000111
0.000111
0.000111
0.000112
0.000113
0.000110
0.000111
0.000110
0.000125
0.000110
0.000111
0.000111
0.000115
0.000108
0.000114
0.000108
0.000110
0.000111
0.000110
0.000110
0.000111
0.000113
0.000109
0.000114
0.000109
0.000111
0.000109
0.000112
0.000110
0.000112
0.000110
0.000114
0.000111
0.000110
0.000113
0.000108
0.000112
0.000108
0.000113
0.000111
0.000116
0.000108
0.000113
0.000114
0.000113
0.000110
0.000112
0.000108
0.000116
0.000109
0.000114
0.000109
0.000110
0.000112
0.000108
0.000112
0.000108
0.000112
0.000108
0.000114
0.000108
0.000113
0.000108
0.000113
0.000108
0.000112
0.000110
0.000114
0.000108
0.000115
0.000108
0.000111
0.000111
0.000108
0.000112
0.000109
0.000113
0.000109
0.000115
0.000119
0.000113
0.000108
0.000113
0.000108
0.000112
0.000109
0.000115
0.000109
0.000114
0.000109
0.000110
0.000111
0.000108
0.000111
0.000110
0.000112
0.000110
0.000115
0.000108
0.000112
0.000108
0.000113
0.000107
0.000112
0.000109
0.000115
0.000108
0.000110
0.000110
0.000109
0.000111
0.000109
0.000110
0.000110
0.000121
0.000109
0.000110
0.000110
0.000112
0.000109
0.000112
0.000110
0.000116
0.000109
0.000115
0.000109
0.000111
0.000110
0.000109
0.000111
0.000108
0.000110
0.000111
0.000112
0.000108
0.000113
0.000108
0.000114
0.000108
0.000112
0.000109
0.000114
0.000109
0.000115
0.000108
0.000112
0.000110
0.000109
0.000111
0.000117
0.000111
0.000111
0.000114
0.000109
0.000112
0.000110
0.000112
0.000110
0.000112
0.000109
0.000115
0.000109
0.000114
0.000108
0.000110
0.000111
0.000109
0.000110
0.000111
0.000112
0.000110
0.000126
0.000116
0.000112
0.000111
0.000112
0.000109
0.000112
0.000111
0.000116
0.000111
0.000117
0.000111
0.000110
0.000144
0.000109
0.000113
0.000112
0.000116
0.000110
0.000123
0.000111
0.000112
0.000109
0.000111
0.000109
0.000114
0.000110
0.000113
0.000123
0.000110
0.000112
0.000108
0.000114
0.000108
0.000112
0.000110
0.000113
0.000109
0.000110
0.000110
0.000111
0.000109
0.000110
0.000110
0.000114
0.000110
0.000113
0.000109
0.000120
0.000113
0.000108
0.000112
0.000108
0.000112
0.000109
0.000115
0.000108
0.000113
0.000108
0.000113
0.000108
0.000113
0.000110
0.000114
0.000110
0.000112
0.000110
0.000109
0.000112
0.000108
0.000112
0.000109
0.000116
0.000109
0.000115
0.000108
0.000114
0.000108
0.000113
0.000107
0.000113
0.000110
0.000115
0.000120
0.000111
0.000112
0.000108
0.000112
0.000107
0.000112
0.000110
0.000115
0.000109
0.000112
0.000108
0.000113
0.000109
0.000113
0.000107
0.000117
0.000108
0.000114
0.000109
0.000111
0.000111
0.000108
0.000111
0.000109
0.000110
0.000112
0.000115
0.000108
0.000112
0.000109
0.000113
0.000108
0.000112
0.000109
0.000119
0.000108
0.000115
0.000108
0.000112
0.000110
0.000109
0.000110
0.000110
0.000110
0.000111
0.000115
0.000108
0.000112
0.000107
0.000113
0.000107
0.000112
0.000110
0.000115
0.000109
0.000114
0.000107
0.000111
0.000111
0.000109
0.000111
0.000111
0.000113
0.000110
0.000114
0.000109
0.000111
0.000108
0.000113
0.000115
0.000113
0.000109
0.000115
0.000109
0.000111
0.000111
0.000109
0.000111
0.000110
0.000111
0.000112
0.000113
0.000111
0.000111
0.000109
0.000111
0.000108
0.000111
0.000108
0.000114
0.000110
0.000114
0.000110
0.000110
0.000110
0.000109
0.000111
0.000109
0.000111
0.000110
0.000113
0.000109
0.000111
0.000109
0.000111
0.000119
0.000111
0.000110
0.000113
0.000109
0.000114
0.000109
0.000110
0.000111
0.000108
0.000112
0.000110
0.000111
0.000112
0.000114
0.000109
0.000111
0.000109
0.000112
0.000110
0.000111
0.000110
0.000114
0.000109
0.000113
0.000109
0.000108
0.000113
0.000108
0.000112
0.000109
0.000114
0.000108
0.000114
0.000108
0.000131
0.000107
0.000113
0.000108
0.000112
0.000111
0.000115
0.000109
0.000110
0.000112
0.000108
0.000112
0.000107
0.000112
0.000111
0.000117
0.000111
0.000114
0.000109
0.000113
0.000109
0.000113
0.000109
0.000115
0.000111
0.000115
0.000109
0.000111
0.000111
0.000108
0.000112
0.000108
0.000112
0.000109
0.000114
0.000120
0.000113
0.000107
0.000114
0.000108
0.000113
0.000110
0.000115
0.000109
0.000115
0.000108
0.000112
0.000110
0.000111
0.000110
0.000110
0.000111
0.000111
0.000115
0.000107
0.000112
0.000108
0.000114
0.000108
0.000112
0.000110
0.000115
0.000108
0.000115
0.000108
0.000111
0.000111
0.000110
0.000111
0.000111
0.000119
0.000110
0.000113
0.000109
0.000111
0.000109
0.000112
0.000109
0.000111
0.000111
0.000115
0.000110
0.000113
0.000111
0.000110
0.000111
0.000110
0.000111
0.000112
0.000114
0.000111
0.000110
0.000109
0.000111
0.000109
0.000110
0.000110
0.000115
0.000110
0.000113
0.000110
0.000110
0.000112
0.000107
0.000112
0.000115
0.000112
0.000110
0.000114
0.000109
0.000111
0.000110
0.000112
0.000109
0.000111
0.000110
0.000113
0.000110
0.000114
0.000110
0.000110
0.000112
0.000108
0.000113
0.000109
0.000113
0.000110
0.000114
0.000109
0.000112
0.000109
0.000111
0.000109
0.000112
0.000110
0.000113
0.000110
0.000113
0.000109
0.000109
0.000113
0.000120
0.000112
0.000111
0.000115
0.000108
0.000115
0.000108
0.000112
0.000108
0.000114
0.000107
0.000112
0.000112
0.000113
0.000110
0.000110
0.000111
0.000107
0.000112
0.000108
0.000113
0.000110
0.000116
0.000111
0.000112
0.000109
0.000112
0.000111
0.000112
0.000109
0.000114
0.000110
0.000113
0.000110
0.000110
0.000118
0.000107
0.000112
0.000107
0.000113
0.000110
0.000114
0.000109
0.000111
0.000108
0.000111
0.000109
0.000110
0.000110
0.000113
0.000109
0.000114
0.000109
0.000109
0.000111
0.000107
0.000112
0.000109
0.000112
0.000109
0.000114
0.000108
0.000112
0.000108
0.000112
0.000109
0.000112
0.000110
0.000113
0.000109
0.000124
0.000109
0.000109
0.000112
0.000108
0.000112
0.000109
0.000114
0.000109
0.000115
0.000108
0.000112
0.000109
0.000113
0.000107
0.000112
0.000109
0.000116
0.000109
0.000111
0.000112
0.000110
0.000112
0.000109
0.000115
0.000109
0.000117
0.000109
0.000112
0.000107
0.000112
0.000108
0.000112
0.000108
0.000115
0.000116
0.000116
0.000108
0.000111
0.000111
0.000108
0.000111
0.000109
0.000111
0.000111
0.000114
0.000109
0.000112
0.000107
0.000113
0.000109
0.000112
0.000108
0.000114
0.000110
0.000113
0.000110
0.000111
0.000112
0.000109
0.000113
0.000110
0.000111
0.000111
0.000114
0.000109
0.000112
0.000110
0.000112
0.000109
0.000111
0.000116
0.000113
0.000110
0.000113
0.000110
0.000109
0.000113
0.000109
0.000112
0.000109
0.000115
0.000108
0.000115
0.000107
0.000113
0.000109
0.000111
0.000109
0.000112
0.000111
0.000115
0.000110
0.000110
0.000112
0.000108
0.000117
0.000109
0.000114
0.000110
0.000115
0.000109
0.000114
0.000109
0.000114
0.000107
0.000123
0.000108
0.000115
0.000108
0.000115
0.000110
0.000109
0.000112
0.000108
0.000112
0.000108
0.000112
0.000109
0.000114
0.000108
0.000113
0.000127
0.000115
0.000108
0.000112
0.000109
0.000115
0.000109
0.000116
0.000108
0.000112
0.000110
0.000109
0.000111
0.000110
0.000112
0.000110
0.000115
0.000108
0.000112
0.000116
0.000113
0.000108
0.000113
0.000109
0.000115
0.000108
0.000114
0.000109
0.000111
0.000111
0.000109
0.000112
0.000111
0.000113
0.000110
0.000113
0.000108
0.000110
0.000109
0.000113
0.000107
0.000113
0.000112
0.000115
0.000109
0.000112
0.000111
0.000109
0.000112
0.000109
0.000111
0.000114
0.000113
0.000110
0.000123
0.000109
0.000112
0.000109
0.000111
0.000109
0.000115
0.000110
0.000115
0.000108
0.000112
0.000111
0.000108
0.000112
0.000108
0.000111
0.000112
0.000113
0.000110
0.000126
0.000166
0.000113
0.000109
0.000111
0.000110
0.000115
0.000110
0.000114
0.000109
0.000110
0.000111
0.000108
0.000112
0.000110
0.000118
0.000112
0.000114
0.000111
0.000112
0.000110
0.000111
0.000109
0.000112
0.000110
0.000114
0.000109
0.000112
0.000109
0.000109
0.000113
0.000108
0.000112
0.000109
0.000115
0.000108
0.000115
0.000108
0.000113
0.000107
0.000113
0.000108
0.000112
0.000110
0.000113
0.000110
0.000110
0.000111
0.000109
0.000112
0.000108
0.000122
0.000110
0.000115
0.000109
0.000114
0.000108
0.000113
0.000107
0.000111
0.000107
0.000116
0.000108
0.000115
0.000108
0.000111
0.000110
0.000107
0.000112
0.000108
0.000112
0.000109
0.000114
0.000108
0.000113
0.000108
0.000113
0.000108
0.000112
0.000109
0.000114
0.000108
0.000117
0.000107
0.000111
0.000110
0.000121
0.000111
0.000110
0.000112
0.000109
0.000114
0.000107
0.000111
0.000107
0.000113
0.000108
0.000111
0.000109
0.000115
0.000108
0.000114
0.000108
0.000110
0.000110
0.000108
0.000111
0.000110
0.000113
0.000110
0.000114
0.000109
0.000111
0.000109
0.000113
0.000109
0.000114
0.000110
0.000119
0.000109
0.000112
0.000117
0.000110
0.000111
0.000110
0.000110
0.000112
0.000113
0.000109
0.000111
0.000109
0.000112
0.000109
0.000111
0.000109
0.000114
0.000108
0.000114
0.000108
0.000111
0.000111
0.000109
0.000111
0.000109
0.000111
0.000111
0.000114
0.000110
0.000111
0.000109
0.000113
0.000109
0.000112
0.000110
0.000113
0.000109
0.000127
0.000109
0.000111
0.000110
0.000108
0.000110
0.000110
0.000111
0.000111
0.000113
0.000110
0.000111
0.000109
0.000112
0.000109
0.000111
0.000111
0.000113
0.000110
0.000113
0.000109
0.000109
0.000113
0.000108
0.000112
0.000109
0.000115
0.000109
0.000114
0.000110
0.000111
0.000108
0.000111
0.000108
0.000111
0.000110
0.000120
0.000109
0.000110
0.000111
0.000108
0.000113
0.000108
0.000112
0.000112
0.000116
0.000109
0.000113
0.000108
0.000113
0.000107
0.000111
0.000108
0.000115
0.000109
0.000114
0.000109
0.000110
0.000112
0.000107
0.000112
0.000107
0.000112
0.000110
0.000114
0.000108
0.000113
0.000107
0.000113
0.000108
0.000111
0.000114
0.000115
0.000109
0.000114
0.000107
0.000110
0.000111
0.000107
0.000112
0.000109
0.000112
0.000109
0.000115
0.000108
0.000113
0.000108
0.000113
0.000108
0.000112
0.000110
0.000115
0.000108
0.000114
0.000108
0.000110
0.000110
0.000109
0.000110
0.000110
0.000113
0.000110
0.000115
0.000108
0.000112
0.000107
0.000152
0.000113
0.000113
0.000110
0.000118
0.000109
0.000111
0.000134
0.000109
0.000111
0.000108
0.000110
0.000111
0.000114
0.000110
0.000112
0.000109
0.000111
0.000109
0.000113
0.000108
0.000116
0.000109
0.000115
0.000108
0.000111
0.000110
0.000109
0.000112
0.000109
0.000113
0.000109
0.000114
0.000109
0.000113
0.000114
0.000112
0.000108
0.000112
0.000109
0.000115
0.000108
0.000115
0.000108
0.000111
0.000111
0.000109
0.000112
0.000110
0.000111
0.000111
0.000113
0.000109
0.000111
0.000109
0.000113
0.000108
0.000112
0.000109
0.000115
0.000108
0.000114
0.000108
0.000110
0.000112
0.000109
0.000110
0.000110
0.000113
0.000110
0.000125
0.000111
0.000111
0.000109
0.000112
0.000108
0.000111
0.000111
0.000117
0.000110
0.000111
0.000110
0.000109
0.000111
0.000109
0.000111
0.000112
0.000113
0.000110
0.000111
0.000109
0.000112
0.000108
0.000110
0.000109
0.000114
0.000110
0.000113
0.000109
0.000109
0.000111
0.000108
0.000112
0.000107
0.000112
0.000119
0.000113
0.000109
0.000111
0.000109
0.000112
0.000109
0.000110
0.000110
0.000114
0.000109
0.000114
0.000108
0.000110
0.000111
0.000108
0.000112
0.000108
0.000113
0.000110
0.000114
0.000108
0.000112
0.000108
0.000113
0.000108
0.000112
0.000109
0.000115
0.000109
0.000113
0.000107
0.000109
0.000111
0.000109
0.000113
0.000114
0.000116
0.000109
0.000114
0.000108
0.000113
0.000109
0.000114
0.000108
0.000114
0.000108
0.000117
0.000109
0.000113
0.000111
0.000111
0.000110
0.000110
0.000111
0.000110
0.000114
0.000110
0.000112
0.000108
0.000113
0.000108
0.000112
0.000107
0.000115
0.000108
0.000114
0.000108
0.000111
0.000111
0.000109
0.000121
0.000109
0.000111
0.000111
0.000114
0.000110
0.000111
0.000110
0.000127
0.000109
0.000111
0.000109
0.000114
0.000108
0.000115
0.000108
0.000111
0.000111
0.000123
0.000112
0.000110
0.000111
0.000111
0.000114
0.000109
0.000112
0.000110
0.000111
0.000110
0.000111
0.000112
0.000114
0.000110
0.000113
0.000108
0.000118
0.000111
0.000109
0.000111
0.000110
0.000113
0.000109
0.000114
0.000108
0.000111
0.000109
0.000111
0.000109
0.000111
0.000114
0.000115
0.000111
0.000110
0.000112
0.000108
0.000112
0.000108
0.000112
0.000109
0.000115
0.000108
0.000111
0.000110
0.000111
0.000109
0.000110
0.000107
0.000114
0.000109
0.000114
0.000121
0.000110
0.000112
0.000107
0.000112
0.000107
0.000111
0.000110
0.000115
0.000108
0.000112
0.000108
0.000112
0.000107
0.000112
0.000109
0.000115
0.000110
0.000113
0.000122
0.000110
0.000111
0.000108
0.000111
0.000111
0.000112
0.000109
0.000115
0.000121
0.000113
0.000108
0.000112
0.000109
0.000112
0.000109
0.000126
0.000109
0.000113
0.000107
0.000110
0.000111
0.000109
0.000111
0.000111
0.000114
0.000109
0.000114
0.000111
0.000111
0.000133
0.000115
0.000111
0.000111
0.000111
0.000115
0.000112
0.000110
0.000111
0.000107
0.000112
0.000108
0.000111
0.000110
0.000113
0.000109
0.000111
0.000109
0.000112
0.000108
0.000110
0.000118
0.000114
0.000109
0.000114
0.000110
0.000110
0.000112
0.000107
0.000112
0.000108
0.000112
0.000109
0.000115
0.000108
0.000112
0.000109
0.000112
0.000110
0.000111
0.000110
0.000113
0.000109
0.000114
0.000109
0.000109
0.000111
0.000108
0.000113
0.000108
0.000113
0.000110
0.000115
0.000108
0.000113
0.000108
0.000125
0.000108
0.000112
0.000109
0.000114
0.000109
0.000112
0.000108
0.000109
0.000112
0.000108
0.000112
0.000109
0.000114
0.000109
0.000115
0.000108
0.000112
0.000107
0.000113
0.000108
0.000113
0.000111
0.000115
0.000109
0.000112
0.000111
0.000109
0.000111
0.000111
0.000112
0.000111
0.000113
0.000110
0.000111
0.000109
0.000116
0.000108
0.000111
0.000109
0.000114
0.000109
0.000114
0.000109
0.000110
0.000112
0.000111
0.000112
0.000108
0.000113
0.000109
0.000115
0.000108
0.000112
0.000107
0.000113
0.000109
0.000110
0.000110
0.000113
0.000109
0.000112
0.000109
0.000109
0.000110
0.000108
0.000111
0.000108
0.000112
0.000109
0.000115
0.000122
0.000112
0.000118
0.000114
0.000108
0.000111
0.000109
0.000116
0.000109
0.000114
0.000109
0.000109
0.000124
0.000109
0.000113
0.000110
0.000115
0.000109
0.000115
0.000109
0.000113
0.000109
0.000113
0.000109
0.000113
0.000111
0.000115
0.000109
0.000110
0.000110
0.000109
0.000110
0.000109
0.000111
0.000111
0.000133
0.000109
0.000112
0.000110
0.000111
0.000108
0.000111
0.000107
0.000115
0.000108
0.000114
0.000108
0.000111
0.000111
0.000108
0.000111
0.000109
0.000111
0.000111
0.000113
0.000109
0.000111
0.000109
0.000112
0.000109
0.000112
0.000108
0.000114
0.000108
0.000115
0.000108
0.000111
0.000111
0.000109
0.000111
0.000117
0.000111
0.000111
0.000115
0.000109
0.000110
0.000108
0.000112
0.000110
0.000110
0.000110
0.000114
0.000110
0.000113
0.000109
0.000110
0.000111
0.000109
0.000111
0.000111
0.000112
0.000109
0.000114
0.000109
0.000111
0.000108
0.000111
0.000110
0.000112
0.000111
0.000115
0.000112
0.000111
0.000111
0.000108
0.000127
0.000107
0.000112
0.000110
0.000113
0.000109
0.000111
0.000109
0.000111
0.000109
0.000111
0.000109
0.000113
0.000110
0.000114
0.000109
0.000111
0.000111
0.000108
0.000112
0.000108
0.000112
0.000127
0.000116
0.000108
0.000113
0.000108
0.000112
0.000107
0.000113
0.000110
0.000113
0.000109
0.000114
0.000109
0.000116
0.000111
0.000107
0.000111
0.000109
0.000112
0.000109
0.000115
0.000108
0.000112
0.000108
0.000113
0.000108
0.000112
0.000109
0.000115
0.000109
0.000113
0.000107
0.000110
0.000111
0.000109
0.000112
0.000109
0.000115
0.000111
0.000117
0.000109
0.000113
0.000108
0.000113
0.000108
0.000114
0.000111
0.000115
0.000131
0.000113
0.000110
0.000108
0.000110
0.000109
0.000110
0.000111
0.000113
0.000110
0.000112
0.000108
0.000112
0.000107
0.000111
0.000107
0.000116
0.000108
0.000115
0.000109
0.000110
0.000111
0.000112
0.000111
0.000109
0.000111
0.000112
0.000113
0.000110
0.000111
0.000109
0.000111
0.000109
0.000110
0.000109
0.000115
0.000116
0.000115
0.000108
0.000111
0.000110
0.000109
0.000111
0.000110
0.000111
0.000111
0.000114
0.000110
0.000111
0.000110
0.000112
0.000109
0.000111
0.000110
0.000116
0.000109
0.000114
0.000108
0.000110
0.000111
0.000109
0.000112
0.000110
0.000113
0.000110
0.000114
0.000108
0.000111
0.000110
0.000113
0.000110
0.000118
0.000112
0.000114
0.000110
0.000111
0.000112
0.000109
0.000110
0.000108
0.000111
0.000110
0.000113
0.000109
0.000111
0.000109
0.000113
0.000108
0.000110
0.000109
0.000114
0.000111
0.000113
0.000110
0.000110
0.000111
0.000107
0.000112
0.000108
0.000112
0.000110
0.000114
0.000109
0.000110
0.000108
0.000112
0.000119
0.000111
0.000110
0.000113
0.000109
0.000113
0.000109
0.000109
0.000111
0.000107
0.000112
0.000109
0.000113
0.000109
0.000114
0.000108
0.000112
0.000107
0.000113
0.000108
0.000111
0.000110
0.000113
0.000109
0.000112
0.000108
0.000108
0.000113
0.000108
0.000112
0.000111
0.000116
0.000109
0.000117
0.000107
0.000121
0.000108
0.000113
0.000109
0.000112
0.000108
0.000115
0.000109
0.000112
0.000111
0.000109
0.000111
0.000107
0.000112
0.000110
0.000114
0.000108
0.000112
0.000107
0.000112
0.000108
0.000112
0.000107
0.000115
0.000108
0.000115
0.000108
0.000111
0.000110
0.000109
0.000111
0.000109
0.000112
0.000111
0.000113
0.000109
0.000123
0.000108
0.000113
0.000108
0.000114
0.000109
0.000116
0.000108
0.000115
0.000108
0.000111
0.000111
0.000109
0.000111
0.000110
0.000111
0.000112
0.000113
0.000109
0.000112
0.000109
0.000112
0.000109
0.000111
0.000111
0.000114
0.000108
0.000114
0.000108
0.000110
0.000111
0.000110
0.000111
0.000111
0.000115
0.000115
0.000116
0.000108
0.000117
0.000108
0.000113
0.000109
0.000113
0.000111
0.000115
0.000110
0.000112
0.000110
0.000109
0.000111
0.000109
0.000110
0.000111
0.000113
0.000109
0.000112
0.000108
0.000112
0.000109
0.000111
0.000109
0.000115
0.000108
0.000114
0.000108
0.000110
0.000111
0.000108
0.000111
0.000108
0.000120
0.000110
0.000114
0.000109
0.000110
0.000109
0.000112
0.000108
0.000111
0.000110
0.000113
0.000109
0.000113
0.000109
0.000111
0.000110
0.000109
0.000110
0.000109
0.000111
0.000111
0.000114
0.000110
0.000111
0.000108
0.000111
0.000109
0.000111
0.000110
0.000114
0.000111
0.000112
0.000109
0.000109
0.000112
0.000120
0.000131
0.000110
0.000115
0.000110
0.000116
0.000112
0.000112
0.000109
0.000112
0.000109
0.000111
0.000110
0.000113
0.000109
0.000110
0.000111
0.000108
0.000112
0.000107
0.000112
0.000110
0.000114
0.000109
0.000111
0.000107
0.000114
0.000108
0.000111
0.000108
0.000116
0.000109
0.000114
0.000108
0.000111
0.000118
0.000109
0.000111
0.000109
0.000112
0.000109
0.000115
0.000109
0.000112
0.000107
0.000112
0.000108
0.000112
0.000109
0.000114
0.000109
0.000116
0.000108
0.000111
0.000110
0.000109
0.000111
0.000110
0.000112
0.000111
0.000114
0.000108
0.000110
0.000109
0.000113
0.000107
0.000112
0.000109
0.000114
0.000108
0.000113
0.000121
0.000111
0.000112
0.000109
0.000111
0.000112
0.000113
0.000110
0.000114
0.000110
0.000111
0.000110
0.000112
0.000109
0.000111
0.000111
0.000114
0.000110
0.000111
0.000112
0.000109
0.000111
0.000109
0.000112
0.000110
0.000113
0.000110
0.000110
0.000108
0.000112
0.000109
0.000110
0.000108
0.000114
0.000110
0.000118
0.000109
0.000109
0.000111
0.000107
0.000113
0.000107
0.000113
0.000111
0.000112
0.000109
0.000110
0.000109
0.000111
0.000109
0.000111
0.000110
0.000112
0.000109
0.000113
0.000109
0.000109
0.000112
0.000107
0.000112
0.000108
0.000112
0.000109
0.000114
0.000108
0.000112
0.000128
0.000117
0.000109
0.000111
0.000116
0.000115
0.000110
0.000113
0.000109
0.000109
0.000112
0.000109
0.000112
0.000109
0.000116
0.000108
0.000117
0.000108
0.000114
0.000109
0.000115
0.000107
0.000113
0.000109
0.000115
0.000109
0.000109
0.000111
0.000108
0.000112
0.000108
0.000111
0.000110
0.000114
0.000108
0.000113
0.000108
0.000113
0.000107
0.000126
0.000108
0.000115
0.000108
0.000114
0.000108
0.000110
0.000110
0.000109
0.000112
0.000108
0.000111
0.000111
0.000115
0.000110
0.000111
0.000109
0.000112
0.000109
0.000111
0.000110
0.000113
0.000109
0.000113
0.000109
0.000110
0.000111
0.000107
0.000111
0.000110
0.000110
0.000110
0.000113
0.000109
0.000110
0.000108
0.000118
0.000109
0.000110
0.000109
0.000113
0.000110
0.000112
0.000109
0.000109
0.000113
0.000108
0.000113
0.000109
0.000114
0.000109
0.000115
0.000110
0.000111
0.000110
0.000113
0.000108
0.000111
0.000110
0.000115
0.000109
0.000110
0.000112
0.000108
0.000112
0.000107
0.000111
0.000110
0.000114
0.000108
0.000112
0.000119
0.000113
0.000109
0.000112
0.000108
0.000115
0.000110
0.000113
0.000109
0.000110
0.000111
0.000108
0.000112
0.000108
0.000112
0.000109
0.000114
0.000108
0.000112
0.000107
0.000113
0.000108
0.000111
0.000108
0.000115
0.000108
0.000114
0.000108
0.000111
0.000110
0.000108
0.000110
0.000110
0.000112
0.000111
0.000122
0.000108
0.000112
0.000109
0.000111
0.000107
0.000111
0.000111
0.000114
0.000109
0.000112
0.000109
0.000110
0.000113
0.000109
0.000114
0.000110
0.000115
0.000111
0.000115
0.000109
0.000112
0.000108
0.000113
0.000109
0.000110
0.000110
0.000114
0.000109
0.000110
0.000113
0.000107
0.000112
0.000108
0.000112
0.000115
0.000114
0.000107
0.000112
0.000108
0.000113
0.000108
0.000112
0.000107
0.000115
0.000109
0.000114
0.000108
0.000111
0.000111
0.000107
0.000112
0.000108
0.000113
0.000110
0.000115
0.000108
0.000113
0.000108
0.000113
0.000108
0.000113
0.000110
0.000115
0.000108
0.000116
0.000107
0.000112
0.000111
0.000110
0.000111
0.000120
0.000112
0.000111
0.000116
0.000108
0.000112
0.000107
0.000114
0.000108
0.000112
0.000109
0.000115
0.000109
0.000114
0.000108
0.000110
0.000111
0.000109
0.000111
0.000111
0.000118
0.000112
0.000115
0.000112
0.000112
0.000110
0.000112
0.000110
0.000113
0.000110
0.000115
0.000108
0.000110
0.000110
0.000108
0.000119
0.000108
0.000110
0.000111
0.000112
0.000110
0.000111
0.000109
0.000111
0.000109
0.000110
0.000109
0.000114
0.000110
0.000113
0.000110
0.000109
0.000111
0.000109
0.000110
0.000110
0.000111
0.000111
0.000113
0.000110
0.000111
0.000110
0.000111
0.000110
0.000111
0.000110
0.000114
0.000110
0.000113
0.000110
0.000122
0.000111
0.000107
0.000112
0.000109
0.000112
0.000110
0.000113
0.000110
0.000111
0.000109
0.000111
0.000109
0.000111
0.000110
0.000113
0.000110
0.000114
0.000109
0.000109
0.000112
0.000109
0.000112
0.000109
0.000114
0.000110
0.000115
0.000108
0.000113
0.000108
0.000113
0.000108
0.000112
0.000110
0.000114
0.000115
0.000110
0.000111
0.000108
0.000112
0.000108
0.000111
0.000109
0.000114
0.000108
0.000111
0.000108
0.000112
0.000109
0.000112
0.000107
0.000115
0.000108
0.000114
0.000108
0.000110
0.000111
0.000108
0.000112
0.000108
0.000112
0.000108
0.000115
0.000108
0.000113
0.000107
0.000112
0.000108
0.000112
0.000109
0.000115
0.000117
0.000115
0.000108
0.000111
0.000111
0.000109
0.000110
0.000110
0.000110
0.000111
0.000113
0.000108
0.000112
0.000107
0.000113
0.000108
0.000111
0.000108
0.000115
0.000108
0.000114
0.000108
0.000110
0.000111
0.000109
0.000111
0.000111
0.000113
0.000111
0.000116
0.000110
0.000111
0.000109
0.000114
0.000110
0.000122
0.000110
0.000114
0.000108
0.000110
0.000110
0.000109
0.000110
0.000109
0.000110
0.000110
0.000112
0.000110
0.000110
0.000109
0.000110
0.000109
0.000111
0.000109
0.000114
0.000109
0.000113
0.000110
0.000129
0.000112
0.000108
0.000111
0.000109
0.000111
0.000110
0.000113
0.000110
0.000110
0.000109
0.000112
0.000115
0.000111
0.000110
0.000115
0.000110
0.000114
0.000110
0.000110
0.000111
0.000108
0.000112
0.000110
0.000110
0.000110
0.000113
0.000109
0.000111
0.000109
0.000111
0.000110
0.000110
0.000110
0.000113
0.000109
0.000113
0.000109
0.000109
0.000113
0.000108
0.000112
0.000110
0.000115
0.000109
0.000116
0.000110
0.000127
0.000110
0.000112
0.000108
0.000111
0.000110
0.000114
0.000109
0.000110
0.000112
0.000107
0.000112
0.000107
0.000111
0.000110
0.000114
0.000110
0.000111
0.000108
0.000113
0.000108
0.000111
0.000107
0.000115
0.000109
0.000114
0.000109
0.000110
0.000112
0.000108
0.000112
0.000109
0.000112
0.000110
0.000114
0.000108
0.000118
0.000108
0.000114
0.000107
0.000111
0.000109
0.000115
0.000108
0.000114
0.000109
0.000111
0.000110
0.000108
0.000112
0.000108
0.000112
0.000109
0.000115
0.000109
0.000112
0.000108
0.000113
0.000107
0.000112
0.000110
0.000115
0.000108
0.000114
0.000107
0.000110
0.000111
0.000109
0.000111
0.000111
0.000114
0.000116
0.000116
0.000109
0.000114
0.000109
0.000114
0.000108
0.000112
0.000109
0.000115
0.000109
0.000111
0.000110
0.000108
0.000110
0.000108
0.000110
0.000111
0.000113
0.000110
0.000111
0.000109
0.000111
0.000109
0.000111
0.000109
0.000115
0.000108
0.000116
0.000108
0.000110
0.000110
0.000109
0.000111
0.000108
0.000136
0.000111
0.000113
0.000109
0.000111
0.000109
0.000111
0.000110
0.000111
0.000109
0.000114
0.000108
0.000114
0.000108
0.000110
0.000109
0.000108
0.000110
0.000110
0.000111
0.000111
0.000114
0.000109
0.000110
0.000109
0.000111
0.000109
0.000111
0.000110
0.000115
0.000109
0.000114
0.000107
0.000111
0.000111
0.000117
0.000111
0.000112
0.000115
0.000111
0.000114
0.000109
0.000110
0.000109
0.000112
0.000109
0.000111
0.000109
0.000113
0.000110
0.000109
0.000112
0.000110
0.000111
0.000108
0.000111
0.000110
0.000113
0.000109
0.000111
0.000109
0.000111
0.000109
0.000110
0.000109
0.000114
0.000109
0.000113
0.000110
0.000109
0.000111
0.000118
0.000113
0.000108
0.000111
0.000110
0.000115
0.000109
0.000111
0.000109
0.000111
0.000109
0.000110
0.000109
0.000115
0.000109
0.000114
0.000108
0.000109
0.000112
0.000107
0.000112
0.000109
0.000112
0.000110
0.000115
0.000108
0.000112
0.000107
0.000113
0.000107
0.000112
0.000110
0.000114
0.000109
0.000112
0.000117
0.000109
0.000112
0.000109
0.000112
0.000112
0.000116
0.000109
0.000116
0.000109
0.000114
0.000107
0.000115
0.000107
0.000111
0.000109
0.000115
0.000109
0.000110
0.000111
0.000109
0.000111
0.000109
0.000111
0.000111
0.000113
0.000109
0.000111
0.000109
0.000112
0.000108
0.000112
0.000108
0.000115
0.000108
0.000120
0.000109
0.000110
0.000111
0.000108
0.000111
0.000109
0.000111
0.000110
0.000112
0.000109
0.000111
0.000110
0.000111
0.000109
0.000112
0.000110
0.000114
0.000110
0.000114
0.000108
0.000111
0.000110
0.000108
0.000110
0.000110
0.000111
0.000111
0.000113
0.000109
0.000111
0.000109
0.000111
0.000109
0.000112
0.000111
0.000144
0.000111
0.000114
0.000111
0.000110
0.000113
0.000109
0.000112
0.000111
0.000113
0.000109
0.000114
0.000109
0.000112
0.000109
0.000112
0.000109
0.000111
0.000109
0.000113
0.000109
0.000110
0.000111
0.000107
0.000113
0.000108
0.000112
0.000109
0.000114
0.000108
0.000112
0.000107
0.000112
0.000107
0.000113
0.000118
0.000114
0.000109
0.000114
0.000109
0.000109
0.000112
0.000107
0.000113
0.000107
0.000113
0.000109
0.000115
0.000109
0.000112
0.000108
0.000113
0.000108
0.000113
0.000109
0.000114
0.000108
0.000115
0.000109
0.000110
0.000111
0.000108
0.000112
0.000109
0.000112
0.000109
0.000116
0.000108
0.000113
0.000108
0.000126
0.000108
0.000113
0.000109
0.000115
0.000109
0.000114
0.000108
0.000110
0.000111
0.000109
0.000112
0.000112
0.000116
0.000109
0.000115
0.000108
0.000112
0.000108
0.000113
0.000108
0.000113
0.000109
0.000115
0.000110
0.000110
0.000111
0.000107
0.000113
0.000108
0.000112
0.000109
0.000114
0.000109
0.000110
0.000114
0.000112
0.000109
0.000110
0.000109
0.000114
0.000109
0.000113
0.000109
0.000110
0.000112
0.000107
0.000112
0.000107
0.000112
0.000109
0.000113
0.000108
0.000112
0.000108
0.000112
0.000107
0.000112
0.000110
0.000113
0.000110
0.000113
0.000109
0.000109
0.000111
0.000107
0.000112
0.000109
0.000111
0.000109
0.000123
0.000109
0.000112
0.000108
0.000112
0.000108
0.000111
0.000109
0.000115
0.000108
0.000115
0.000108
0.000110
0.000112
0.000109
0.000113
0.000111
0.000115
0.000108
0.000114
0.000107
0.000113
0.000108
0.000112
0.000107
0.000112
0.000109
0.000115
0.000108
0.000111
0.000110
0.000109
0.000111
0.000108
0.000111
0.000110
0.000125
0.000108
0.000112
0.000108
0.000112
0.000108
0.000113
0.000107
0.000116
0.000108
0.000114
0.000108
0.000111
0.000111
0.000108
0.000111
0.000109
0.000112
0.000110
0.000115
0.000108
0.000112
0.000108
0.000113
0.000108
0.000113
0.000110
0.000113
0.000110
0.000114
0.000109
0.000110
0.000112
0.000108
0.000113
0.000113
0.000113
0.000110
0.000115
0.000107
0.000112
0.000107
0.000112
0.000136
0.000113
0.000108
0.000115
0.000109
0.000114
0.000112
0.000110
0.000113
0.000109
0.000114
0.000110
0.000116
0.000108
0.000117
0.000107
0.000112
0.000108
0.000113
0.000107
0.000112
0.000109
0.000115
0.000109
0.000111
0.000110
0.000109
0.000124
0.000109
0.000111
0.000111
0.000114
0.000108
0.000112
0.000107
0.000112
0.000108
0.000112
0.000108
0.000115
0.000109
0.000115
0.000108
0.000110
0.000110
0.000108
0.000111
0.000108
0.000110
0.000111
0.000113
0.000109
0.000111
0.000108
0.000111
0.000109
0.000112
0.000109
0.000114
0.000108
0.000114
0.000108
0.000116
0.000110
0.000109
0.000110
0.000110
0.000111
0.000111
0.000114
0.000110
0.000111
0.000109
0.000111
0.000109
0.000111
0.000111
0.000113
0.000110
0.000113
0.000109
0.000110
0.000111
0.000109
0.000111
0.000110
0.000113
0.000110
0.000114
0.000109
0.000111
0.000108
0.000112
0.000109
0.000111
0.000110
0.000114
0.000116
0.000110
0.000112
0.000108
0.000113
0.000108
0.000111
0.000110
0.000114
0.000109
0.000111
0.000109
0.000112
0.000108
0.000112
0.000109
0.000114
0.000109
0.000114
0.000110
0.000110
0.000112
0.000107
0.000111
0.000107
0.000112
0.000109
0.000115
0.000108
0.000112
0.000108
0.000112
0.000107
0.000112
0.000110
0.000113
0.000122
0.000114
0.000108
0.000109
0.000112
0.000108
0.000112
0.000109
0.000112
0.000109
0.000116
0.000108
0.000112
0.000108
0.000113
0.000108
0.000111
0.000108
0.000114
0.000109
0.000113
0.000107
0.000111
0.000111
0.000109
0.000113
0.000111
0.000114
0.000108
0.000115
0.000108
0.000112
0.000108
0.000113
0.000107
0.000118
0.000109
0.000114
0.000108
0.000110
0.000110
0.000108
0.000110
0.000108
0.000111
0.000110
0.000112
0.000121
0.000111
0.000109
0.000111
0.000108
0.000111
0.000108
0.000115
0.000109
0.000114
0.000108
0.000111
0.000110
0.000108
0.000110
0.000109
0.000110
0.000111
0.000112
0.000110
0.000111
0.000109
0.000111
0.000121
0.000111
0.000109
0.000114
0.000109
0.000115
0.000108
0.000111
0.000110
0.000108
0.000110
0.000109
0.000110
0.000110
0.000114
0.000109
0.000111
0.000109
0.000111
0.000110
0.000111
0.000112
0.000114
0.000111
0.000114
0.000110
0.000110
0.000112
0.000108
0.000111
0.000110
0.000113
0.000110
0.000113
0.000110
0.000111
0.000116
0.000113
0.000109
0.000111
0.000110
0.000113
0.000109
0.000109
0.000111
0.000107
0.000112
0.000109
0.000111
0.000110
0.000113
0.000109
0.000111
0.000109
0.000112
0.000109
0.000111
0.000110
0.000114
0.000110
0.000113
0.000110
0.000110
0.000111
0.000107
0.000112
0.000107
0.000113
0.000110
0.000116
0.000109
0.000118
0.000109
0.000112
0.000109
0.000111
0.000110
0.000114
0.000110
0.000114
0.000109
0.000110
0.000112
0.000108
0.000112
0.000109
0.000112
0.000109
0.000114
0.000109
0.000112
0.000108
0.000113
0.000108
0.000112
0.000110
0.000113
0.000110
0.000116
0.000110
0.000109
0.000114
0.000108
0.000112
0.000110
0.000116
0.000126
0.000115
0.000107
0.000112
0.000107
0.000113
0.000107
0.000111
0.000109
0.000115
0.000108
0.000111
0.000111
0.000109
0.000111
0.000121
0.000114
0.000109
0.000114
0.000109
0.000112
0.000108
0.000112
0.000108
0.000112
0.000122
0.000117
0.000110
0.000115
0.000109
0.000112
0.000112
0.000110
0.000111
0.000121
0.000120
0.000110
0.000114
0.000109
0.000112
0.000108
0.000113
0.000108
0.000111
0.000108
0.000115
0.000109
0.000116
0.000108
0.000111
0.000110
0.000109
0.000111
0.000110
0.000111
0.000111
0.000113
0.000109
0.000110
0.000109
0.000112
0.000110
0.000111
0.000109
0.000117
0.000109
0.000113
0.000108
0.000111
0.000111
0.000121
0.000111
0.000111
0.000113
0.000110
0.000113
0.000109
0.000111
0.000110
0.000112
0.000108
0.000111
0.000109
0.000114
0.000109
0.000110
0.000111
0.000107
0.000112
0.000108
0.000112
0.000111
0.000113
0.000109
0.000111
0.000109
0.000112
0.000109
0.000110
0.000109
0.000114
0.000109
0.000114
0.000108
0.000111
0.000115
0.000109
0.000110
0.000108
0.000111
0.000112
0.000113
0.000110
0.000111
0.000109
0.000112
0.000109
0.000111
0.000110
0.000113
0.000110
0.000113
0.000109
0.000110
0.000112
0.000108
0.000111
0.000109
0.000112
0.000110
0.000114
0.000109
0.000112
0.000109
0.000112
0.000109
0.000111
0.000110
0.000113
0.000110
0.000113
0.000119
0.000110
0.000112
0.000109
0.000113
0.000109
0.000114
0.000108
0.000115
0.000108
0.000112
0.000109
0.000112
0.000109
0.000111
0.000110
0.000114
0.000109
0.000109
0.000112
0.000107
0.000112
0.000108
0.000111
0.000110
0.000114
0.000108
0.000112
0.000107
0.000112
0.000107
0.000112
0.000108
0.000116
0.000109
0.000125
0.000110
0.000109
0.000111
0.000108
0.000112
0.000108
0.000111
0.000109
0.000114
0.000108
0.000111
0.000108
0.000113
0.000108
0.000112
0.000109
0.000114
0.000109
0.000115
0.000108
0.000111
0.000111
0.000109
0.000111
0.000110
0.000111
0.000110
0.000113
0.000110
0.000113
0.000110
0.000114
0.000108
0.000114
0.000115
0.000116
0.000108
0.000114
0.000107
0.000110
0.000111
0.000109
0.000112
0.000110
0.000114
0.000109
0.000113
0.000109
0.000110
0.000109
0.000112
0.000108
0.000111
0.000110
0.000115
0.000108
0.000111
0.000110
0.000109
0.000111
0.000109
0.000111
0.000110
0.000114
0.000109
0.000110
0.000109
0.000112
0.000109
0.000124
0.000110
0.000115
0.000110
0.000113
0.000109
0.000109
0.000111
0.000108
0.000112
0.000107
0.000112
0.000111
0.000113
0.000109
0.000111
0.000109
0.000111
0.000108
0.000111
0.000112
0.000114
0.000110
0.000114
0.000108
0.000109
0.000112
0.000108
0.000112
0.000109
0.000111
0.000109
0.000114
0.000108
0.000112
0.000108
0.000117
0.000108
0.000110
0.000110
0.000116
0.000109
0.000113
0.000109
0.000110
0.000114
0.000108
0.000113
0.000110
0.000114
0.000108
0.000115
0.000108
0.000113
0.000108
0.000114
0.000108
0.000111
0.000109
0.000115
0.000110
0.000109
0.000111
0.000107
0.000111
0.000107
0.000111
0.000110
0.000114
0.000108
0.000112
0.000113
0.000112
0.000108
0.000112
0.000108
0.000115
0.000108
0.000114
0.000108
0.000110
0.000111
0.000109
0.000111
0.000108
0.000110
0.000111
0.000115
0.000109
0.000112
0.000108
0.000112
0.000107
0.000111
0.000109
0.000115
0.000108
0.000115
0.000108
0.000110
0.000109
0.000109
0.000110
0.000109
0.000111
0.000110
0.000141
0.000118
0.000111
0.000109
0.000111
0.000110
0.000112
0.000110
0.000115
0.000110
0.000114
0.000109
0.000109
0.000113
0.000108
0.000112
0.000109
0.000115
0.000109
0.000114
0.000107
0.000113
0.000107
0.000112
0.000108
0.000112
0.000110
0.000113
0.000110
0.000109
0.000112
0.000107
0.000112
0.000108
0.000112
0.000117
0.000115
0.000109
0.000112
0.000108
0.000112
0.000107
0.000113
0.000107
0.000117
0.000108
0.000115
0.000109
0.000111
0.000110
0.000109
0.000111
0.000109
0.000113
0.000109
0.000115
0.000108
0.000113
0.000108
0.000113
0.000108
0.000112
0.000108
0.000114
0.000109
0.000115
0.000108
0.000111
0.000110
0.000108
0.000111
0.000134
0.000111
0.000111
0.000114
0.000109
0.000113
0.000108
0.000113
0.000107
0.000115
0.000109
0.000116
0.000108
0.000114
0.000108
0.000111
0.000112
0.000110
0.000111
0.000111
0.000113
0.000110
0.000114
0.000109
0.000111
0.000108
0.000111
0.000110
0.000111
0.000110
0.000115
0.000110
0.000110
0.000111
0.000107
0.000119
0.000107
0.000113
0.000110
0.000115
0.000109
0.000112
0.000107
0.000112
0.000107
0.000111
0.000108
0.000116
0.000108
0.000114
0.000109
0.000110
0.000112
0.000107
0.000112
0.000107
0.000112
0.000109
0.000114
0.000108
0.000112
0.000108
0.000113
0.000108
0.000112
0.000109
0.000114
0.000108
0.000115
0.000109
0.000116
0.000110
0.000109
0.000110
0.000109
0.000111
0.000111
0.000116
0.000108
0.000112
0.000108
0.000114
0.000108
0.000113
0.000110
0.000116
0.000109
0.000115
0.000107
0.000109
0.000111
0.000109
0.000110
0.000111
0.000113
0.000109
0.000114
0.000109
0.000111
0.000109
0.000114
0.000109
0.000111
0.000111
0.000116
0.000120
0.000111
0.000110
0.000109
0.000111
0.000109
0.000111
0.000111
0.000114
0.000109
0.000110
0.000110
0.000110
0.000109
0.000111
0.000108
0.000114
0.000109
0.000113
0.000109
0.000109
0.000111
0.000109
0.000111
0.000109
0.000111
0.000111
0.000114
0.000111
0.000111
0.000109
0.000112
0.000109
0.000111
0.000110
0.000113
0.000116
0.000114
0.000110
0.000110
0.000112
0.000107
0.000112
0.000108
0.000113
0.000109
0.000114
0.000108
0.000111
0.000108
0.000111
0.000109
0.000111
0.000110
0.000114
0.000110
0.000113
0.000109
0.000110
0.000114
0.000108
0.000112
0.000109
0.000114
0.000108
