0.002465
0.000787
0.000964
0.000897
0.000697
0.000688
0.000690
0.000682
0.000668
0.000709
0.000691
0.000693
0.000692
0.000691
0.000679
0.000698
0.000689
0.000688
0.000682
0.000710
0.000902
0.000831
0.000781
0.000785
0.000566
0.000576
0.000584
0.000904
0.000712
0.000736
0.000855
0.000652
0.000531
0.000542
0.000524
0.000522
0.000524
0.000521
0.000525
0.000547
0.000527
0.000526
0.000520
0.000517
0.000525
0.000529
0.000523
0.000535
0.000528
0.000548
0.000530
0.000542
0.000541
0.000526
0.000548
0.000488
0.000485
0.000487
0.000486
0.000505
0.000488
0.000485
0.000503
0.000482
0.000496
0.000492
0.000489
0.000492
0.000493
0.000488
0.000497
0.000502
0.000496
0.000493
0.000486
0.000495
0.000500
0.000496
0.000482
0.000504
0.000489
0.000488
0.000488
0.000491
0.000483
0.000501
0.000492
0.000505
0.000452
0.000453
0.000455
0.000469
0.000478
0.000467
0.000510
0.000462
0.000429
0.000357
0.000367
0.000358
0.000305
0.000306
0.000299
0.000301
0.000300
0.000306
0.000298
0.000299
0.000311
0.000299
0.000297
0.000297
0.000297
0.000302
0.000308
0.000304
0.000307
0.000310
0.000299
0.000301
0.000301
0.000320
0.000304
0.000306
0.000298
0.000299
0.000297
0.000303
0.000303
0.000300
0.000306
0.000308
0.000304
0.000300
0.000304
0.000315
0.000299
0.000297
0.000303
0.000303
0.000307
0.000304
0.000298
0.000300
0.000299
0.000302
0.000298
0.000300
0.000312
0.000306
0.000299
0.000299
0.000298
0.000301
0.000302
0.000303
0.000303
0.000299
0.000302
0.000303
0.000295
0.000313
0.000299
0.000298
0.000299
0.000301
0.000306
0.000304
0.000302
0.000295
0.000300
0.000300
0.000299
0.000298
0.000304
0.000313
0.000302
0.000300
0.000293
0.000297
0.000298
0.000302
0.000303
0.000300
0.000302
0.000309
0.000304
0.000297
0.000308
0.000300
0.000298
0.000298
0.000299
0.000300
0.000308
0.000307
0.000304
0.000298
0.000300
0.000297
0.000299
0.000301
0.000319
0.000300
0.000301
0.000301
0.000296
0.000298
0.000302
0.000299
0.000298
0.000300
0.000304
0.000304
0.000301
0.000310
0.000292
0.000298
0.000296
0.000296
0.000295
0.000305
0.000301
0.000301
0.000301
0.000298
0.000300
0.000299
0.000302
0.000329
0.000302
0.000303
0.000306
0.000304
0.000303
0.000302
0.000306
0.000307
0.000308
0.000306
0.000296
0.000299
0.000312
0.000299
0.000300
0.000302
0.000298
0.000302
0.000303
0.000306
0.000301
0.000297
0.000303
0.000302
0.000301
0.000339
0.000308
0.000306
0.000306
0.000303
0.000297
0.000303
0.000300
0.000302
0.000302
0.000305
0.000302
0.000309
0.000316
0.000300
0.000301
0.000298
0.000297
0.000299
0.000299
0.000300
0.000303
0.000305
0.000297
0.000301
0.000300
0.000304
0.000326
0.000299
0.000304
0.000305
0.000301
0.000296
0.000298
0.000298
0.000296
0.000301
0.000303
0.000308
0.000306
0.000320
0.000297
0.000302
0.000302
0.000299
0.000300
0.000302
0.000308
0.000303
0.000303
0.000297
0.000302
0.000299
0.000307
0.000299
0.000299
0.000308
0.000305
0.000302
0.000302
0.000298
0.000303
0.000303
0.000302
0.000306
0.000309
0.000312
0.000393
0.000374
0.000311
0.000303
0.000307
0.000300
0.000301
0.000306
0.000307
0.000304
0.000304
0.000298
0.000320
0.000301
0.000299
0.000298
0.000308
0.000304
0.000303
0.000305
0.000296
0.000300
0.000300
0.000300
0.000299
0.000309
0.000323
0.000301
0.000297
0.000301
0.000297
0.000295
0.000294
0.000296
0.000303
0.000298
0.000303
0.000300
0.000300
0.000319
0.000300
0.000297
0.000299
0.000300
0.000302
0.000309
0.000305
0.000299
0.000301
0.000303
0.000304
0.000303
0.000302
0.000316
0.000303
0.000307
0.000302
0.000297
0.000302
0.000300
0.000302
0.000298
0.000299
0.000303
0.000300
0.000304
0.000313
0.000301
0.000303
0.000301
0.000306
0.000310
0.000318
0.000322
0.000318
0.000300
0.000296
0.000327
0.000311
0.000333
0.000304
0.000305
0.000304
0.000311
0.000304
0.000301
0.000306
0.000310
0.000299
0.000306
0.000301
0.000300
0.000320
0.000313
0.000294
0.000299
0.000303
0.000316
0.000300
0.000296
0.000297
0.000298
0.000304
0.000303
0.000296
0.000305
0.000314
0.000298
0.000297
0.000299
0.000307
0.000311
0.000315
0.000317
0.000306
0.000303
0.000301
0.000298
0.000296
0.000324
0.000301
0.000305
0.000306
0.000300
0.000299
0.000300
0.000298
0.000297
0.000299
0.000299
0.000301
0.000309
0.000318
0.000296
0.000299
0.000299
0.000298
0.000295
0.000298
0.000304
0.000303
0.000304
0.000301
0.000295
0.000301
0.000301
0.000298
0.000296
0.000300
0.000306
0.000302
0.000301
0.000297
0.000298
0.000300
0.000302
0.000296
0.000300
0.000306
0.000318
0.000304
0.000294
0.000299
0.000298
0.000298
0.000296
0.000297
0.000303
0.000304
0.000302
0.000301
0.000297
0.000309
0.000300
0.000296
0.000298
0.000299
0.000305
0.000302
0.000299
0.000296
0.000300
0.000301
0.000297
0.000299
0.000298
0.000321
0.000308
0.000303
0.000304
0.000299
0.000300
0.000299
0.000300
0.000304
0.000302
0.000301
0.000305
0.000296
0.000314
0.000299
0.000299
0.000299
0.000300
0.000305
0.000306
0.000301
0.000297
0.000297
0.000298
0.000298
0.000295
0.000302
0.000315
0.000312
0.000303
0.000303
0.000296
0.000300
0.000298
0.000298
0.000297
0.000305
0.000303
0.000302
0.000297
0.000309
0.000297
0.000298
0.000301
0.000299
0.000298
0.000305
0.000303
0.000301
0.000304
0.000301
0.000302
0.000298
0.000332
0.000310
0.000309
0.000306
0.000306
0.000299
0.000298
0.000299
0.000298
0.000298
0.000306
0.000304
0.000299
0.000301
0.000309
0.000298
0.000296
0.000300
0.000297
0.000308
0.000304
0.000301
0.000295
0.000299
0.000298
0.000297
0.000297
0.000329
0.000308
0.000308
0.000305
0.000304
0.000299
0.000299
0.000297
0.000297
0.000295
0.000299
0.000302
0.000307
0.000321
0.000299
0.000300
0.000298
0.000299
0.000303
0.000300
0.000302
0.000303
0.000297
0.000298
0.000305
0.000296
0.000298
0.000312
0.000300
0.000306
0.000310
0.000303
0.000303
0.000299
0.000298
0.000298
0.000301
0.000301
0.000302
0.000297
0.000324
0.000298
0.000297
0.000297
0.000298
0.000298
0.000297
0.000298
0.000308
0.000305
0.000302
0.000303
0.000297
0.000304
0.000315
0.000301
0.000306
0.000310
0.000308
0.000295
0.000300
0.000297
0.000299
0.000297
0.000298
0.000304
0.000311
0.000331
0.000297
0.000297
0.000298
0.000299
0.000302
0.000296
0.000300
0.000307
0.000304
0.000299
0.000300
0.000299
0.000327
0.000296
0.000298
0.000297
0.000310
0.000306
0.000303
0.000299
0.000302
0.000298
0.000297
0.000297
0.000297
0.000299
0.000319
0.000302
0.000301
0.000296
0.000301
0.000299
0.000297
0.000298
0.000300
0.000302
0.000306
0.000302
0.000294
0.000320
0.000301
0.000298
0.000298
0.000299
0.000302
0.000309
0.000303
0.000303
0.000301
0.000297
0.000299
0.000302
0.000312
0.000305
0.000303
0.000302
0.000303
0.000294
0.000300
0.000299
0.000298
0.000298
0.000297
0.000303
0.000303
0.000304
0.000314
0.000297
0.000298
0.000301
0.000295
0.000302
0.000302
0.000309
0.000303
0.000304
0.000296
0.000299
0.000296
0.000313
0.000298
0.000298
0.000302
0.000303
0.000302
0.000294
0.000298
0.000298
0.000295
0.000296
0.000297
0.000306
0.000304
0.000308
0.000293
0.000298
0.000298
0.000297
0.000298
0.000297
0.000306
0.000304
0.000301
0.000294
0.000300
0.000297
0.000314
0.000297
0.000297
0.000303
0.000304
0.000304
0.000299
0.000297
0.000298
0.000298
0.000300
0.000301
0.000307
0.000314
0.000301
0.000300
0.000298
0.000298
0.000298
0.000297
0.000308
0.000307
0.000304
0.000301
0.000295
0.000301
0.000302
0.000307
0.000297
0.000299
0.000305
0.000303
0.000300
0.000301
0.000295
0.000302
0.000301
0.000298
0.000298
0.000298
0.000316
0.000302
0.000305
0.000299
0.000300
0.000298
0.000301
0.000298
0.000299
0.000299
0.000310
0.000303
0.000302
0.000299
0.000297
0.000297
0.000296
0.000296
0.000298
0.000297
0.000308
0.000302
0.000294
0.000296
0.000296
0.000297
0.000297
0.000312
0.000304
0.000305
0.000302
0.000303
0.000298
0.000304
0.000299
0.000300
0.000300
0.000308
0.000304
0.000301
0.000315
0.000295
0.000300
0.000298
0.000298
0.000298
0.000302
0.000303
0.000304
0.000302
0.000299
0.000298
0.000300
0.000299
0.000310
0.000299
0.000299
0.000301
0.000304
0.000296
0.000299
0.000299
0.000296
0.000296
0.000298
0.000297
0.000298
0.000317
0.000301
0.000296
0.000297
0.000297
0.000297
0.000296
0.000300
0.000301
0.000298
0.000304
0.000295
0.000301
0.000298
0.000307
0.000297
0.000296
0.000298
0.000299
0.000306
0.000300
0.000296
0.000305
0.000307
0.000298
0.000298
0.000298
0.000337
0.000303
0.000304
0.000302
0.000300
0.000300
0.000296
0.000304
0.000299
0.000300
0.000303
0.000304
0.000296
0.000312
0.000301
0.000296
0.000295
0.000299
0.000305
0.000304
0.000303
0.000298
0.000303
0.000301
0.000300
0.000297
0.000303
0.000329
0.000304
0.000302
0.000297
0.000299
0.000299
0.000300
0.000295
0.000298
0.000299
0.000305
0.000300
0.000301
0.000310
0.000299
0.000296
0.000297
0.000294
0.000296
0.000302
0.000302
0.000301
0.000301
0.000295
0.000304
0.000298
0.000312
0.000297
0.000305
0.000302
0.000319
0.000295
0.000306
0.000298
0.000295
0.000296
0.000299
0.000302
0.000305
0.000305
0.000322
0.000296
0.000301
0.000296
0.000296
0.000296
0.000298
0.000304
0.000303
0.000304
0.000297
0.000305
0.000299
0.000306
0.000296
0.000297
0.000303
0.000302
0.000301
0.000300
0.000295
0.000300
0.000298
0.000299
0.000297
0.000297
0.000306
0.000314
0.000305
0.000302
0.000297
0.000303
0.000300
0.000298
0.000299
0.000297
0.000303
0.000304
0.000303
0.000295
0.000320
0.000305
0.000295
0.000300
0.000296
0.000302
0.000303
0.000300
0.000299
0.000296
0.000299
0.000298
0.000298
0.000307
0.000299
0.000305
0.000305
0.000302
0.000301
0.000298
0.000298
0.000295
0.000297
0.000299
0.000305
0.000307
0.000308
0.000318
0.000297
0.000298
0.000298
0.000300
0.000301
0.000300
0.000305
0.000302
0.000297
0.000300
0.000297
0.000298
0.000312
0.000297
0.000304
0.000304
0.000302
0.000301
0.000297
0.000303
0.000305
0.000300
0.000297
0.000299
0.000303
0.000319
0.000303
0.000299
0.000302
0.000299
0.000300
0.000296
0.000299
0.000297
0.000305
0.000303
0.000302
0.000295
0.000296
0.000310
0.000296
0.000296
0.000297
0.000302
0.000304
0.000301
0.000303
0.000295
0.000296
0.000296
0.000297
0.000299
0.000323
0.000305
0.000303
0.000299
0.000300
0.000299
0.000297
0.000299
0.000302
0.000297
0.000304
0.000298
0.000297
0.000302
0.000314
0.000297
0.000297
0.000298
0.000299
0.000302
0.000301
0.000296
0.000299
0.000297
0.000299
0.000298
0.000297
0.000314
0.000304
0.000305
0.000296
0.000300
0.000298
0.000295
0.000298
0.000297
0.000298
0.000298
0.000307
0.000298
0.000299
0.000309
0.000296
0.000295
0.000298
0.000298
0.000299
0.000304
0.000304
0.000298
0.000298
0.000298
0.000297
0.000296
0.000313
0.000302
0.000300
0.000305
0.000302
0.000297
0.000299
0.000302
0.000297
0.000296
0.000299
0.000298
0.000299
0.000311
0.000300
0.000300
0.000298
0.000299
0.000299
0.000296
0.000297
0.000297
0.000299
0.000304
0.000301
0.000297
0.000301
0.000316
0.000297
0.000303
0.000300
0.000301
0.000301
0.000305
0.000303
0.000296
0.000299
0.000298
0.000296
0.000296
0.000303
0.000299
0.000299
0.000304
0.000301
0.000296
0.000297
0.000298
0.000296
0.000296
0.000300
0.000303
0.000305
0.000304
0.000311
0.000300
0.000303
0.000304
0.000303
0.000297
0.000298
0.000307
0.000301
0.000302
0.000293
0.000297
0.000299
0.000310
0.000297
0.000296
0.000303
0.000303
0.000301
0.000294
0.000299
0.000296
0.000295
0.000295
0.000297
0.000301
0.000306
0.000312
0.000304
0.000296
0.000302
0.000300
0.000299
0.000300
0.000298
0.000306
0.000305
0.000303
0.000294
0.000297
0.000335
0.000296
0.000297
0.000302
0.000308
0.000305
0.000302
0.000295
0.000299
0.000299
0.000299
0.000297
0.000300
0.000318
0.000307
0.000303
0.000300
0.000303
0.000305
0.000298
0.000299
0.000295
0.000302
0.000303
0.000303
0.000296
0.000306
0.000322
0.000301
0.000299
0.000297
0.000302
0.000304
0.000303
0.000300
0.000293
0.000302
0.000300
0.000298
0.000298
0.000315
0.000307
0.000304
0.000302
0.000303
0.000299
0.000301
0.000299
0.000294
0.000296
0.000297
0.000304
0.000304
0.000316
0.000294
0.000300
0.000299
0.000296
0.000297
0.000298
0.000307
0.000305
0.000302
0.000297
0.000298
0.000299
0.000301
0.000326
0.000301
0.000298
0.000306
0.000306
0.000300
0.000299
0.000300
0.000298
0.000296
0.000296
0.000300
0.000305
0.000311
0.000303
0.000299
0.000302
0.000299
0.000298
0.000295
0.000302
0.000305
0.000303
0.000298
0.000299
0.000298
0.000310
0.000298
0.000300
0.000300
0.000307
0.000303
0.000304
0.000300
0.000299
0.000301
0.000299
0.000295
0.000301
0.000302
0.000316
0.000304
0.000302
0.000295
0.000299
0.000298
0.000299
0.000299
0.000306
0.000303
0.000296
0.000300
0.000298
0.000308
0.000296
0.000302
0.000302
0.000306
0.000305
0.000304
0.000296
0.000305
0.000296
0.000296
0.000296
0.000301
0.000302
0.000316
0.000303
0.000294
0.000299
0.000298
0.000299
0.000299
0.000299
0.000304
0.000306
0.000303
0.000303
0.000295
0.000310
0.000298
0.000298
0.000300
0.000306
0.000302
0.000301
0.000301
0.000303
0.000305
0.000300
0.000301
0.000301
0.000310
0.000307
0.000304
0.000300
0.000298
0.000299
0.000300
0.000298
0.000297
0.000298
0.000306
0.000304
0.000303
0.000298
0.000316
0.000297
0.000295
0.000297
0.000300
0.000300
0.000306
0.000304
0.000300
0.000297
0.000299
0.000298
0.000296
0.000308
0.000299
0.000308
0.000301
0.000298
0.000295
0.000298
0.000298
0.000297
0.000298
0.000296
0.000308
0.000301
0.000312
0.000297
0.000298
0.000297
0.000295
0.000297
0.000299
0.000306
0.000300
0.000304
0.000296
0.000303
0.000298
0.000296
0.000307
0.000297
0.000304
0.000304
0.000302
0.000302
0.000298
0.000301
0.000297
0.000300
0.000296
0.000308
0.000305
0.000312
0.000306
0.000300
0.000296
0.000298
0.000298
0.000297
0.000303
0.000308
0.000306
0.000307
0.000295
0.000299
0.000299
0.000308
0.000296
0.000297
0.000304
0.000303
0.000301
0.000302
0.000296
0.000301
0.000296
0.000296
0.000301
0.000299
0.000314
0.000304
0.000304
0.000298
0.000298
0.000300
0.000300
0.000298
0.000302
0.000304
0.000309
0.000306
0.000302
0.000309
0.000302
0.000298
0.000300
0.000297
0.000306
0.000303
0.000302
0.000301
0.000300
0.000302
0.000297
0.000296
0.000300
0.000315
0.000305
0.000303
0.000302
0.000296
0.000301
0.000299
0.000300
0.000297
0.000303
0.000311
0.000307
0.000305
0.000307
0.000303
0.000297
0.000300
0.000298
0.000298
0.000299
0.000297
0.000302
0.000300
0.000299
0.000299
0.000297
0.000301
0.000310
0.000299
0.000306
0.000306
0.000301
0.000296
0.000303
0.000301
0.000301
0.000300
0.000307
0.000311
0.000307
0.000319
0.000300
0.000300
0.000302
0.000302
0.000299
0.000301
0.000308
0.000311
0.000303
0.000295
0.000302
0.000297
0.000332
0.000297
0.000300
0.000306
0.000307
0.000305
0.000300
0.000299
0.000304
0.000299
0.000302
0.000302
0.000301
0.000324
0.000304
0.000304
0.000299
0.000299
0.000300
0.000300
0.000299
0.000306
0.000305
0.000305
0.000302
0.000297
0.000307
0.000323
0.000300
0.000299
0.000304
0.000300
0.000308
0.000296
0.000298
0.000298
0.000301
0.000299
0.000300
0.000307
0.000330
0.000304
0.000297
0.000297
0.000298
0.000301
0.000297
0.000301
0.000307
0.000304
0.000305
0.000299
0.000301
0.000312
0.000300
0.000297
0.000299
0.000300
0.000308
0.000305
0.000303
0.000301
0.000300
0.000299
0.000296
0.000303
0.000304
0.000319
0.000308
0.000302
0.000297
0.000303
0.000302
0.000300
0.000300
0.000300
0.000303
0.000305
0.000306
0.000301
0.000306
0.000300
0.000298
0.000297
0.000296
0.000299
0.000305
0.000304
0.000302
0.000301
0.000299
0.000298
0.000300
0.000316
0.000300
0.000300
0.000308
0.000303
0.000295
0.000300
0.000300
0.000299
0.000297
0.000296
0.000303
0.000304
0.000306
0.000320
0.000299
0.000300
0.000296
0.000297
0.000296
0.000302
0.000306
0.000304
0.000298
0.000303
0.000298
0.000299
0.000321
0.000301
0.000302
0.000301
0.000309
0.000305
0.000299
0.000302
0.000303
0.000299
0.000297
0.000298
0.000300
0.000327
0.000303
0.000300
0.000298
0.000304
0.000299
0.000296
0.000298
0.000301
0.000308
0.000302
0.000304
0.000296
0.000302
0.000309
0.000304
0.000300
0.000301
0.000307
0.000304
0.000303
0.000296
0.000301
0.000299
0.000302
0.000297
0.000301
0.000316
0.000305
0.000303
0.000296
0.000302
0.000300
0.000297
0.000297
0.000297
0.000301
0.000303
0.000303
0.000298
0.000314
0.000305
0.000300
0.000298
0.000300
0.000300
0.000309
0.000305
0.000306
0.000296
0.000301
0.000301
0.000298
0.000297
0.000305
0.000305
0.000309
0.000304
0.000302
0.000299
0.000302
0.000301
0.000298
0.000296
0.000311
0.000308
0.000304
0.000332
0.000297
0.000307
0.000304
0.000302
0.000303
0.000301
0.000301
0.000306
0.000304
0.000295
0.000299
0.000298
0.000308
0.000297
0.000298
0.000304
0.000304
0.000303
0.000297
0.000299
0.000302
0.000298
0.000296
0.000297
0.000298
0.000300
0.000321
0.000300
0.000298
0.000297
0.000301
0.000299
0.000300
0.000299
0.000308
0.000304
0.000305
0.000299
0.000299
0.000323
0.000299
0.000299
0.000300
0.000300
0.000307
0.000305
0.000300
0.000296
0.000301
0.000300
0.000298
0.000301
0.000314
0.000310
0.000306
0.000305
0.000298
0.000304
0.000303
0.000304
0.000299
0.000300
0.000302
0.000305
0.000303
0.000299
0.000316
0.000300
0.000300
0.000297
0.000301
0.000304
0.000304
0.000303
0.000298
0.000300
0.000304
0.000298
0.000297
0.000309
0.000304
0.000307
0.000307
0.000300
0.000302
0.000302
0.000299
0.000297
0.000298
0.000301
0.000300
0.000303
0.000311
0.000298
0.000298
0.000298
0.000297
0.000298
0.000298
0.000301
0.000299
0.000298
0.000300
0.000297
0.000298
0.000298
0.000313
0.000297
0.000303
0.000302
0.000298
0.000300
0.000302
0.000297
0.000302
0.000300
0.000303
0.000298
0.000330
0.000570
0.000616
0.000303
0.000308
0.000299
0.000307
0.000302
0.000301
0.000300
0.000306
0.000303
0.000307
0.000340
0.000304
0.000295
0.000299
0.000303
0.000300
0.000299
0.000301
0.000304
0.000306
0.000301
0.000293
0.000300
0.000310
0.000298
0.000296
0.000299
0.000301
0.000298
0.000306
0.000300
0.000297
0.000300
0.000298
0.000298
0.000299
0.000331
0.000299
0.000302
0.000304
0.000296
0.000299
0.000304
0.000303
0.000298
0.000300
0.000304
0.000303
0.000301
0.000297
0.000313
0.000300
0.000301
0.000297
0.000296
0.000303
0.000304
0.000304
0.000300
0.000301
0.000302
0.000301
0.000297
0.000306
0.000297
0.000306
0.000304
0.000303
0.000297
0.000297
0.000302
0.000300
0.000298
0.000296
0.000298
0.000307
0.000320
0.000303
0.000294
0.000301
0.000298
0.000296
0.000297
0.000300
0.000305
0.000305
0.000302
0.000303
0.000296
0.000300
0.000304
0.000300
0.000298
0.000305
0.000301
0.000300
0.000300
0.000303
0.000302
0.000304
0.000301
0.000299
0.000301
0.000331
0.000301
0.000296
0.000298
0.000301
0.000296
0.000296
0.000297
0.000305
0.000301
0.000298
0.000294
0.000301
0.000318
0.000298
0.000298
0.000297
0.000306
0.000302
0.000301
0.000297
0.000300
0.000298
0.000299
0.000296
0.000298
0.000302
0.000316
0.000301
0.000293
0.000298
0.000298
0.000296
0.000295
0.000297
0.000300
0.000304
0.000304
0.000297
0.000298
0.000313
0.000297
0.000294
0.000296
0.000300
0.000300
0.000305
0.000301
0.000293
0.000301
0.000298
0.000300
0.000300
0.000297
0.000308
0.000300
0.000307
0.000303
0.000301
0.000297
0.000304
0.000299
0.000297
0.000296
0.000305
0.000302
0.000301
0.000314
0.000295
0.000298
0.000296
0.000298
0.000296
0.000305
0.000303
0.000301
0.000298
0.000299
0.000299
0.000297
0.000297
0.000310
0.000303
0.000302
0.000302
0.000295
0.000299
0.000297
0.000296
0.000295
0.000298
0.000303
0.000305
0.000301
0.000311
0.000293
0.000300
0.000297
0.000297
0.000296
0.000305
0.000301
0.000301
0.000299
0.000297
0.000301
0.000301
0.000319
0.000300
0.000298
0.000305
0.000302
0.000294
0.000297
0.000298
0.000297
0.000296
0.000294
0.000297
0.000296
0.000304
0.000309
0.000299
0.000294
0.000300
0.000297
0.000298
0.000294
0.000296
0.000301
0.000303
0.000305
0.000296
0.000300
0.000309
0.000295
0.000294
0.000297
0.000302
0.000303
0.000302
0.000300
0.000296
0.000297
0.000295
0.000296
0.000298
0.000306
0.000317
0.000301
0.000294
0.000297
0.000298
0.000295
0.000298
0.000299
0.000307
0.000301
0.000301
0.000294
0.000301
0.000341
0.000301
0.000296
0.000297
0.000302
0.000303
0.000303
0.000303
0.000296
0.000300
0.000297
0.000298
0.000298
0.000307
0.000318
0.000298
0.000294
0.000300
0.000299
0.000298
0.000296
0.000295
0.000305
0.000303
0.000305
0.000298
0.000302
0.000310
0.000299
0.000295
0.000295
0.000305
0.000303
0.000300
0.000296
0.000299
0.000297
0.000295
0.000297
0.000296
0.000317
0.000302
0.000303
0.000298
0.000296
0.000298
0.000297
0.000297
0.000297
0.000297
0.000303
0.000302
0.000303
0.000295
0.000322
0.000295
0.000300
0.000299
0.000307
0.000298
0.000303
0.000298
0.000297
0.000297
0.000297
0.000298
0.000299
0.000308
0.000304
0.000303
0.000302
0.000299
0.000297
0.000298
0.000298
0.000298
0.000304
0.000301
0.000307
0.000304
0.000298
0.000330
0.000303
0.000297
0.000296
0.000299
0.000303
0.000301
0.000300
0.000294
0.000300
0.000296
0.000295
0.000297
0.000311
0.000302
0.000303
0.000303
0.000302
0.000295
0.000299
0.000299
0.000298
0.000297
0.000302
0.000297
0.000298
0.000331
0.000302
0.000301
0.000300
0.000297
0.000298
0.000297
0.000299
0.000303
0.000300
0.000295
0.000299
0.000298
0.000296
0.000314
0.000300
0.000301
0.000303
0.000304
0.000300
0.000294
0.000298
0.000298
0.000297
0.000297
0.000298
0.000308
0.000317
0.000303
0.000301
0.000300
0.000300
0.000295
0.000296
0.000298
0.000298
0.000296
0.000298
0.000297
0.000298
0.000300
0.000312
0.000296
0.000299
0.000298
0.000307
0.000301
0.000302
0.000293
0.000297
0.000296
0.000296
0.000300
0.000297
0.000311
0.000304
0.000308
0.000296
0.000300
0.000297
0.000295
0.000295
0.000295
0.000300
0.000298
0.000305
0.000301
0.000304
0.000297
0.000295
0.000295
0.000295
0.000296
0.000302
0.000301
0.000300
0.000296
0.000296
0.000297
0.000297
0.000295
0.000311
0.000299
0.000309
0.000304
0.000302
0.000296
0.000301
0.000297
0.000295
0.000295
0.000300
0.000298
0.000302
0.000311
0.000296
0.000299
0.000298
0.000299
0.000297
0.000298
0.000303
0.000303
0.000303
0.000297
0.000299
0.000296
0.000297
0.000312
0.000297
0.000300
0.000306
0.000308
0.000304
0.000300
0.000296
0.000299
0.000296
0.000297
0.000300
0.000299
0.000312
0.000301
0.000294
0.000298
0.000297
0.000297
0.000298
0.000302
0.000300
0.000301
0.000303
0.000302
0.000301
0.000300
0.000307
0.000301
0.000299
0.000310
0.000304
0.000303
0.000294
0.000298
0.000298
0.000297
0.000297
0.000298
0.000307
0.000319
0.000299
0.000293
0.000300
0.000298
0.000298
0.000297
0.000296
0.000307
0.000302
0.000303
0.000297
0.000294
0.000305
0.000299
0.000295
0.000303
0.000304
0.000304
0.000300
0.000300
0.000298
0.000299
0.000301
0.000299
0.000300
0.000301
0.000320
0.000302
0.000295
0.000299
0.000297
0.000296
0.000296
0.000297
0.000305
0.000302
0.000302
0.000298
0.000299
0.000311
0.000296
0.000296
0.000299
0.000300
0.000306
0.000305
0.000298
0.000297
0.000297
0.000298
0.000299
0.000296
0.000298
0.000315
0.000303
0.000300
0.000294
0.000302
0.000295
0.000298
0.000297
0.000298
0.000301
0.000304
0.000297
0.000301
0.000317
0.000302
0.000296
0.000300
0.000300
0.000306
0.000305
0.000296
0.000302
0.000299
0.000298
0.000297
0.000297
0.000307
0.000318
0.000301
0.000295
0.000299
0.000297
0.000296
0.000296
0.000298
0.000298
0.000305
0.000302
0.000300
0.000295
0.000314
0.000300
0.000302
0.000299
0.000301
0.000305
0.000304
0.000304
0.000303
0.000298
0.000299
0.000301
0.000303
0.000309
0.000299
0.000304
0.000305
0.000306
0.000304
0.000301
0.000300
0.000302
0.000299
0.000299
0.000296
0.000299
0.000299
0.000308
0.000298
0.000302
0.000300
0.000302
0.000300
0.000295
0.000301
0.000303
0.000302
0.000303
0.000301
0.000303
0.000318
0.000298
0.000302
0.000297
0.000299
0.000301
0.000298
0.000295
0.000297
0.000308
0.000304
0.000303
0.000302
0.000304
0.000299
0.000297
0.000300
0.000300
0.000306
0.000301
0.000297
0.000300
0.000304
0.000297
0.000295
0.000296
0.000299
0.000338
0.000298
0.000304
0.000294
0.000299
0.000299
0.000294
0.000295
0.000295
0.000299
0.000300
0.000296
0.000295
0.000307
0.000298
0.000297
0.000296
0.000295
0.000300
0.000296
0.000296
0.000296
0.000296
0.000300
0.000297
0.000299
0.000302
0.000318
0.000296
0.000298
0.000296
0.000296
0.000294
0.000296
0.000298
0.000296
0.000297
0.000294
0.000295
0.000297
0.000318
0.000297
0.000295
0.000295
0.000296
0.000298
0.000295
0.000295
0.000299
0.000300
0.000301
0.000299
0.000295
0.000295
0.000307
0.000297
0.000295
0.000295
0.000295
0.000298
0.000299
0.000294
0.000297
0.000294
0.000297
0.000298
0.000298
0.000312
0.000296
0.000296
0.000297
0.000299
0.000295
0.000297
0.000298
0.000297
0.000297
0.000299
0.000298
0.000298
0.000299
0.000310
0.000297
0.000295
0.000294
0.000297
0.000296
0.000295
0.000294
0.000294
0.000298
0.000297
0.000297
0.000294
0.000298
0.000305
0.000297
0.000297
0.000297
0.000293
0.000295
0.000297
0.000295
0.000294
0.000298
0.000298
0.000299
0.000297
0.000310
0.000294
0.000297
0.000295
0.000296
0.000294
0.000297
0.000296
0.000297
0.000296
0.000294
0.000295
0.000295
0.000299
0.000304
0.000293
0.000294
0.000297
0.000297
0.000296
0.000295
0.000297
0.000298
0.000296
0.000296
0.000298
0.000301
0.000317
0.000296
0.000295
0.000295
0.000294
0.000297
0.000297
0.000295
0.000296
0.000295
0.000296
0.000298
0.000297
0.000295
0.000306
0.000299
0.000296
0.000295
0.000295
0.000296
0.000298
0.000296
0.000296
0.000294
0.000297
0.000298
0.000301
0.000310
0.000294
0.000295
0.000296
0.000296
0.000296
0.000295
0.000298
0.000296
0.000297
0.000296
0.000294
0.000297
0.000297
0.000318
0.000296
0.000295
0.000294
0.000296
0.000298
0.000295
0.000294
0.000296
0.000299
0.000297
0.000295
0.000296
0.000305
0.000300
0.000297
0.000295
0.000295
0.000296
0.000298
0.000296
0.000295
0.000295
0.000294
0.000296
0.000299
0.000295
0.000310
0.000295
0.000298
0.000296
0.000296
0.000294
0.000297
0.000296
0.000296
0.000296
0.000293
0.000295
0.000299
0.000303
0.000310
0.000295
0.000294
0.000295
0.000296
0.000294
0.000294
0.000295
0.000298
0.000295
0.000295
0.000295
0.000295
0.000306
0.000296
0.000295
0.000295
0.000296
0.000297
0.000295
0.000294
0.000295
0.000294
0.000297
0.000299
0.000296
0.000294
0.000317
0.000301
0.000298
0.000299
0.000295
0.000296
0.000296
0.000295
0.000295
0.000293
0.000297
0.000297
0.000296
0.000305
0.000295
0.000295
0.000295
0.000297
0.000297
0.000293
0.000295
0.000299
0.000298
0.000297
0.000294
0.000296
0.000297
0.000313
0.000297
0.000297
0.000297
0.000298
0.000296
0.000294
0.000296
0.000295
0.000294
0.000298
0.000295
0.000294
0.000295
0.000308
0.000297
0.000296
0.000296
0.000297
0.000297
0.000296
0.000295
0.000295
0.000295
0.000298
0.000295
0.000297
0.000306
0.000299
0.000299
0.000301
0.000298
0.000293
0.000296
0.000299
0.000296
0.000296
0.000295
0.000295
0.000296
0.000297
0.000310
0.000294
0.000295
0.000296
0.000298
0.000295
0.000294
0.000295
0.000296
0.000298
0.000295
0.000293
0.000296
0.000307
0.000298
0.000297
0.000297
0.000298
0.000296
0.000296
0.000294
0.000298
0.000297
0.000297
0.000296
0.000296
0.000295
0.000330
0.000296
0.000298
0.000295
0.000293
0.000294
0.000298
0.000295
0.000295
0.000294
0.000295
0.000296
0.000295
0.000307
0.000294
0.000296
0.000301
0.000298
0.000296
0.000297
0.000295
0.000294
0.000297
0.000296
0.000293
0.000294
0.000300
0.000323
0.000297
0.000294
0.000295
0.000296
0.000296
0.000295
0.000293
0.000295
0.000298
0.000297
0.000296
0.000296
0.000311
0.000297
0.000299
0.000296
0.000297
0.000297
0.000299
0.000297
0.000295
0.000295
0.000296
0.000298
0.000298
0.000296
0.000303
0.000295
0.000297
0.000296
0.000297
0.000296
0.000295
0.000298
0.000298
0.000296
0.000295
0.000295
0.000298
0.000300
0.000313
0.000293
0.000295
0.000299
0.000297
0.000299
0.000297
0.000296
0.000297
0.000295
0.000296
0.000294
0.000294
0.000305
0.000297
0.000294
0.000294
0.000294
0.000298
0.000297
0.000296
0.000295
0.000295
0.000297
0.000296
0.000297
0.000298
0.000303
0.000297
0.000297
0.000297
0.000298
0.000295
0.000299
0.000298
0.000296
0.000294
0.000293
0.000297
0.000296
0.000328
0.000296
0.000296
0.000297
0.000295
0.000296
0.000293
0.000295
0.000297
0.000296
0.000297
0.000295
0.000295
0.000295
0.000306
0.000296
0.000293
0.000294
0.000297
0.000299
0.000299
0.000296
0.000298
0.000296
0.000296
0.000295
0.000297
0.000310
0.000297
0.000296
0.000295
0.000295
0.000294
0.000295
0.000297
0.000294
0.000294
0.000294
0.000297
0.000296
0.000297
0.000308
0.000294
0.000296
0.000296
0.000296
0.000302
0.000303
0.000298
0.000296
0.000296
0.000295
0.000293
0.000298
0.000305
0.000295
0.000293
0.000295
0.000300
0.000297
0.000296
0.000293
0.000294
0.000297
0.000300
0.000297
0.000296
0.000297
0.000313
0.000297
0.000294
0.000294
0.000294
0.000297
0.000302
0.000296
0.000296
0.000297
0.000297
0.000297
0.000295
0.000297
0.000304
0.000297
0.000297
0.000297
0.000294
0.000295
0.000299
0.000296
0.000297
0.000296
0.000297
0.000295
0.000296
0.000309
0.000294
0.000295
0.000298
0.000298
0.000296
0.000296
0.000296
0.000300
0.000298
0.000296
0.000295
0.000295
0.000296
0.000306
0.000295
0.000294
0.000295
0.000295
0.000300
0.000295
0.000294
0.000296
0.000297
0.000298
0.000297
0.000295
0.000307
0.000296
0.000296
0.000296
0.000296
0.000296
0.000296
0.000297
0.000302
0.000297
0.000296
0.000299
0.000297
0.000294
0.000308
0.000296
0.000299
0.000295
0.000295
0.000293
0.000295
0.000297
0.000296
0.000297
0.000296
0.000295
0.000297
0.000297
0.000302
0.000295
0.000293
0.000297
0.000299
0.000294
0.000292
0.000297
0.000301
0.000297
0.000296
0.000293
0.000296
0.000315
0.000296
0.000295
0.000294
0.000294
0.000295
0.000296
0.000295
0.000295
0.000294
0.000294
0.000296
0.000293
0.000295
0.000302
0.000296
0.000296
0.000297
0.000294
0.000295
0.000298
0.000297
0.000296
0.000299
0.000298
0.000301
0.000297
0.000304
0.000295
0.000294
0.000297
0.000297
0.000295
0.000294
0.000294
0.000297
0.000296
0.000296
0.000295
0.000295
0.000296
0.000312
0.000296
0.000294
0.000296
0.000298
0.000296
0.000296
0.000294
0.000295
0.000299
0.000301
0.000298
0.000293
0.000304
0.000298
0.000297
0.000297
0.000293
0.000294
0.000296
0.000297
0.000295
0.000299
0.000296
0.000296
0.000296
0.000295
0.000332
0.000295
0.000295
0.000298
0.000295
0.000293
0.000294
0.000297
0.000297
0.000295
0.000299
0.000296
0.000298
0.000315
0.000296
0.000293
0.000295
0.000296
0.000297
0.000297
0.000296
0.000295
0.000297
0.000297
0.000295
0.000294
0.000295
0.000322
0.000297
0.000296
0.000293
0.000296
0.000297
0.000297
0.000296
0.000296
0.000295
0.000299
0.000299
0.000298
0.000298
0.000307
0.000295
0.000300
0.000295
0.000293
0.000294
0.000296
0.000297
0.000296
0.000294
0.000295
0.000297
0.000296
0.000307
0.000293
0.000295
0.000298
0.000296
0.000296
0.000296
0.000293
0.000297
0.000296
0.000295
0.000294
0.000296
0.000304
0.000316
0.000298
0.000294
0.000294
0.000297
0.000295
0.000295
0.000295
0.000296
0.000296
0.000296
0.000295
0.000294
0.000304
0.000295
0.000298
0.000295
0.000294
0.000295
0.000297
0.000297
0.000297
0.000295
0.000296
0.000297
0.000299
0.000296
0.000308
0.000295
0.000296
0.000296
0.000295
0.000296
0.000293
0.000297
0.000298
0.000295
0.000295
0.000295
0.000298
0.000319
0.000298
0.000294
0.000295
0.000297
0.000296
0.000297
0.000295
0.000295
0.000298
0.000296
0.000295
0.000296
0.000300
0.000309
0.000299
0.000296
0.000296
0.000296
0.000297
0.000296
0.000296
0.000294
0.000295
0.000295
0.000296
0.000295
0.000296
0.000310
0.000296
0.000297
0.000295
0.000295
0.000294
0.000295
0.000297
0.000294
0.000294
0.000295
0.000296
0.000299
0.000309
0.000297
0.000296
0.000297
0.000296
0.000295
0.000294
0.000295
0.000299
0.000296
0.000295
0.000295
0.000294
0.000297
0.000306
0.000296
0.000293
0.000294
0.000297
0.000296
0.000295
0.000294
0.000294
0.000297
0.000298
0.000297
0.000293
0.000313
0.000300
0.000301
0.000298
0.000295
0.000294
0.000295
0.000298
0.000296
0.000293
0.000298
0.000298
0.000297
0.000297
0.000303
0.000296
0.000296
0.000296
0.000296
0.000294
0.000295
0.000296
0.000296
0.000295
0.000297
0.000294
0.000297
0.000315
0.000296
0.000296
0.000296
0.000298
0.000296
0.000296
0.000296
0.000295
0.000297
0.000295
0.000295
0.000294
0.000297
0.000309
0.000297
0.000296
0.000294
0.000294
0.000295
0.000296
0.000296
0.000293
0.000296
0.000296
0.000296
0.000298
0.000296
0.000302
0.000295
0.000298
0.000299
0.000295
0.000295
0.000297
0.000297
0.000295
0.000295
0.000295
0.000296
0.000298
0.000311
0.000295
0.000295
0.000296
0.000297
0.000295
0.000296
0.000294
0.000297
0.000296
0.000295
0.000294
0.000294
0.000299
0.000309
0.000297
0.000298
0.000297
0.000302
0.000296
0.000296
0.000293
0.000297
0.000295
0.000296
0.000296
0.000294
0.000307
0.000297
0.000295
0.000296
0.000293
0.000296
0.000296
0.000296
0.000295
0.000295
0.000294
0.000298
0.000297
0.000296
0.000304
0.000295
0.000297
0.000301
0.000299
0.000298
0.000298
0.000298
0.000296
0.000295
0.000295
0.000295
0.000297
0.000299
0.000303
0.000297
0.000294
0.000296
0.000297
0.000295
0.000294
0.000296
0.000297
0.000297
0.000297
0.000294
0.000295
0.000314
0.000295
0.000296
0.000297
0.000298
0.000300
0.000298
0.000295
0.000294
0.000294
0.000297
0.000298
0.000295
0.000295
0.000304
0.000296
0.000296
0.000297
0.000295
0.000296
0.000295
0.000297
0.000305
0.000297
0.000318
0.000309
0.000300
0.000329
0.000294
0.000294
0.000295
0.000298
0.000296
0.000296
0.000297
0.000298
0.000298
0.000295
0.000294
0.000295
0.000301
0.000298
0.000297
0.000296
0.000295
0.000297
0.000298
0.000296
0.000295
0.000294
0.000297
0.000296
0.000297
0.000294
0.000323
0.000298
0.000297
0.000297
0.000298
0.000298
0.000300
0.000296
0.000296
0.000293
0.000296
0.000297
0.000298
0.000299
0.000316
0.000295
0.000296
0.000297
0.000295
0.000294
0.000298
0.000295
0.000296
0.000297
0.000295
0.000295
0.000297
0.000332
0.000298
0.000296
0.000296
0.000296
0.000295
0.000296
0.000297
0.000295
0.000298
0.000298
0.000295
0.000294
0.000297
0.000317
0.000295
0.000296
0.000296
0.000294
0.000297
0.000296
0.000297
0.000294
0.000295
0.000296
0.000297
0.000296
0.000311
0.000294
0.000295
0.000295
0.000295
0.000294
0.000297
0.000301
0.000298
0.000297
0.000294
0.000295
0.000297
0.000298
0.000311
0.000295
0.000298
0.000297
0.000297
0.000295
0.000296
0.000295
0.000297
0.000298
0.000294
0.000294
0.000295
0.000320
0.000297
0.000296
0.000297
0.000293
0.000298
0.000296
0.000300
0.000296
0.000296
0.000298
0.000298
0.000295
0.000297
0.000305
0.000296
0.000296
0.000296
0.000294
0.000296
0.000296
0.000296
0.000297
0.000294
0.000295
0.000296
0.000296
0.000311
0.000294
0.000296
0.000296
0.000297
0.000296
0.000295
0.000298
0.000300
0.000300
0.000297
0.000295
0.000296
0.000297
0.000309
0.000296
0.000297
0.000296
0.000297
0.000296
0.000296
0.000294
0.000296
0.000298
0.000298
0.000295
0.000296
0.000305
0.000297
0.000298
0.000295
0.000294
0.000297
0.000297
0.000296
0.000296
0.000297
0.000299
0.000298
0.000299
0.000296
0.000312
0.000295
0.000297
0.000297
0.000295
0.000295
0.000295
0.000297
0.000296
0.000296
0.000293
0.000295
0.000296
0.000297
0.000304
0.000295
0.000294
0.000295
0.000296
0.000294
0.000294
0.000296
0.000299
0.000300
0.000296
0.000295
0.000293
0.000310
0.000298
0.000295
0.000293
0.000296
0.000299
0.000298
0.000296
0.000294
0.000293
0.000297
0.000296
0.000297
0.000296
0.000303
0.000298
0.000297
0.000297
0.000296
0.000294
0.000297
0.000296
0.000295
0.000294
0.000298
0.000300
0.000299
0.000305
0.000294
0.000295
0.000299
0.000295
0.000296
0.000294
0.000297
0.000297
0.000300
0.000296
0.000294
0.000294
0.000296
0.000314
0.000297
0.000292
0.000295
0.000295
0.000296
0.000296
0.000294
0.000296
0.000300
0.000300
0.000301
0.000296
0.000305
0.000298
0.000297
0.000296
0.000295
0.000295
0.000296
0.000296
0.000296
0.000294
0.000293
0.000297
0.000295
0.000298
0.000309
0.000294
0.000296
0.000295
0.000296
0.000293
0.000295
0.000299
0.000296
0.000297
0.000294
0.000298
0.000296
0.000301
0.000310
0.000294
0.000296
0.000297
0.000297
0.000297
0.000294
0.000294
0.000295
0.000297
0.000296
0.000294
0.000295
0.000317
0.000297
0.000295
0.000296
0.000294
0.000297
0.000296
0.000295
0.000294
0.000294
0.000297
0.000298
0.000299
0.000298
0.000313
0.000296
0.000295
0.000294
0.000296
0.000298
0.000297
0.000297
0.000297
0.000295
0.000294
0.000297
0.000297
0.000328
0.000296
0.000404
0.000528
0.000462
0.000296
0.000293
0.000301
0.000296
0.000294
0.000297
0.000298
0.000334
0.000299
0.000296
0.000295
0.000295
0.000294
0.000297
0.000296
0.000295
0.000294
0.000295
0.000298
0.000297
0.000299
0.000306
0.000295
0.000297
0.000296
0.000295
0.000294
0.000295
0.000298
0.000297
0.000295
0.000297
0.000296
0.000299
0.000335
0.000298
0.000293
0.000295
0.000297
0.000296
0.000295
0.000294
0.000294
0.000297
0.000296
0.000298
0.000293
0.000300
0.000324
0.000296
0.000295
0.000295
0.000295
0.000296
0.000297
0.000295
0.000293
0.000298
0.000296
0.000297
0.000296
0.000324
0.000296
0.000297
0.000298
0.000295
0.000293
0.000296
0.000297
0.000297
0.000295
0.000296
0.000295
0.000296
0.000299
0.000313
0.000294
0.000296
0.000297
0.000298
0.000296
0.000294
0.000294
0.000297
0.000297
0.000295
0.000295
0.000296
0.000314
0.000298
0.000299
0.000296
0.000295
0.000296
0.000296
0.000294
0.000293
0.000295
0.000298
0.000297
0.000297
0.000294
0.000304
0.000296
0.000296
0.000295
0.000293
0.000296
0.000299
0.000297
0.000295
0.000294
0.000294
0.000299
0.000298
0.000310
0.000296
0.000297
0.000297
0.000300
0.000297
0.000294
0.000294
0.000296
0.000298
0.000296
0.000293
0.000295
0.000297
0.000310
0.000295
0.000294
0.000295
0.000295
0.000296
0.000295
0.000294
0.000294
0.000298
0.000297
0.000297
0.000295
0.000296
0.000318
0.000298
0.000297
0.000295
0.000296
0.000299
0.000296
0.000295
0.000295
0.000295
0.000295
0.000297
0.000297
0.000310
0.000295
0.000296
0.000296
0.000296
0.000294
0.000294
0.000297
0.000298
0.000295
0.000293
0.000295
0.000297
0.000298
0.000305
0.000295
0.000300
0.000298
0.000298
0.000297
0.000294
0.000295
0.000297
0.000298
0.000297
0.000295
0.000294
0.000313
0.000295
0.000293
0.000294
0.000294
0.000297
0.000295
0.000295
0.000296
0.000294
0.000296
0.000296
0.000295
0.000297
0.000306
0.000297
0.000299
0.000300
0.000293
0.000295
0.000296
0.000297
0.000295
0.000292
0.000296
0.000297
0.000297
0.000311
0.000293
0.000296
0.000295
0.000296
0.000295
0.000293
0.000295
0.000298
0.000296
0.000297
0.000294
0.000295
0.000296
0.000309
0.000295
0.000294
0.000295
0.000301
0.000299
0.000297
0.000296
0.000294
0.000296
0.000298
0.000294
0.000295
0.000304
0.000299
0.000297
0.000296
0.000294
0.000295
0.000296
0.000297
0.000298
0.000293
0.000295
0.000296
0.000297
0.000295
0.000313
0.000296
0.000296
0.000297
0.000295
0.000295
0.000296
0.000296
0.000297
0.000298
0.000294
0.000296
0.000296
0.000305
0.000294
0.000293
0.000295
0.000297
0.000297
0.000294
0.000295
0.000296
0.000295
0.000297
0.000296
0.000296
0.000295
0.000320
0.000297
0.000296
0.000295
0.000295
0.000301
0.000297
0.000298
0.000295
0.000296
0.000297
0.000296
0.000296
0.000304
0.000296
0.000296
0.000296
0.000295
0.000293
0.000294
0.000298
0.000296
0.000297
0.000293
0.000296
0.000298
0.000295
0.000304
0.000293
0.000295
0.000298
0.000297
0.000298
0.000295
0.000296
0.000295
0.000296
0.000293
0.000296
0.000294
0.000298
0.000311
0.000295
0.000295
0.000294
0.000296
0.000297
0.000294
0.000293
0.000294
0.000297
0.000295
0.000294
0.000294
0.000304
0.000296
0.000297
0.000293
0.000294
0.000294
0.000298
0.000297
0.000300
0.000304
0.000296
0.000297
0.000295
0.000294
0.000324
0.000297
0.000299
0.000296
0.000295
0.000294
0.000295
0.000298
0.000297
0.000295
0.000293
0.000295
0.000297
0.000311
0.000296
0.000293
0.000296
0.000296
0.000298
0.000295
0.000297
0.000298
0.000299
0.000298
0.000296
0.000295
0.000298
0.000321
0.000297
0.000295
0.000295
0.000298
0.000296
0.000297
0.000297
0.000294
0.000294
0.000296
0.000295
0.000295
0.000309
0.000295
0.000298
0.000296
0.000295
0.000296
0.000293
0.000295
0.000296
0.000298
0.000295
0.000297
0.000298
0.000296
0.000310
0.000295
0.000296
0.000297
0.000297
0.000296
0.000293
0.000295
0.000296
0.000297
0.000296
0.000294
0.000296
0.000310
0.000297
0.000293
0.000293
0.000294
0.000296
0.000297
0.000296
0.000298
0.000297
0.000298
0.000298
0.000296
0.000293
0.000306
0.000298
0.000297
0.000295
0.000296
0.000293
0.000295
0.000299
0.000296
0.000295
0.000294
0.000297
0.000296
0.000297
0.000294
0.000294
0.000297
0.000296
0.000295
0.000294
0.000296
0.000296
0.000296
0.000299
0.000296
0.000297
0.000297
0.000312
0.000294
0.000293
0.000294
0.000297
0.000296
0.000297
0.000293
0.000295
0.000295
0.000295
0.000295
0.000294
0.000296
0.000308
0.000297
0.000294
0.000295
0.000295
0.000295
0.000297
0.000293
0.000296
0.000295
0.000301
0.000299
0.000297
0.000310
0.000296
0.000299
0.000300
0.000295
0.000294
0.000294
0.000297
0.000295
0.000295
0.000296
0.000295
0.000299
0.000297
0.000304
0.000293
0.000295
0.000299
0.000297
0.000297
0.000295
0.000297
0.000298
0.000296
0.000295
0.000297
0.000298
0.000309
0.000298
0.000294
0.000296
0.000295
0.000295
0.000296
0.000295
0.000294
0.000295
0.000296
0.000296
0.000295
0.000293
0.000311
0.000296
0.000297
0.000295
0.000295
0.000294
0.000297
0.000297
0.000294
0.000295
0.000295
0.000298
0.000301
0.000308
0.000296
0.000295
0.000298
0.000297
0.000297
0.000296
0.000295
0.000297
0.000295
0.000295
0.000292
0.000296
0.000299
0.000309
0.000296
0.000294
0.000295
0.000296
0.000296
0.000295
0.000294
0.000295
0.000296
0.000297
0.000296
0.000295
0.000298
0.000301
0.000300
0.000294
0.000294
0.000296
0.000298
0.000296
0.000295
0.000296
0.000295
0.000296
0.000296
0.000295
0.000305
0.000294
0.000298
0.000296
0.000297
0.000295
0.000294
0.000298
0.000294
0.000294
0.000294
0.000295
0.000299
0.000299
0.000312
0.000296
0.000293
0.000295
0.000295
0.000297
0.000294
0.000295
0.000297
0.000296
0.000296
0.000293
0.000295
0.000307
0.000297
0.000296
0.000293
0.000295
0.000297
0.000296
0.000295
0.000295
0.000296
0.000298
0.000298
0.000294
0.000294
0.000310
0.000297
0.000299
0.000299
0.000294
0.000294
0.000298
0.000295
0.000295
0.000293
0.000295
0.000299
0.000297
0.000305
0.000295
0.000294
0.000296
0.000296
0.000294
0.000294
0.000295
0.000298
0.000297
0.000296
0.000294
0.000294
0.000295
0.000316
0.000296
0.000295
0.000296
0.000296
0.000295
0.000296
0.000294
0.000298
0.000295
0.000297
0.000294
0.000293
0.000310
0.000296
0.000297
0.000298
0.000294
0.000294
0.000296
0.000296
0.000294
0.000296
0.000296
0.000297
0.000298
0.000294
0.000305
0.000294
0.000297
0.000300
0.000295
0.000296
0.000294
0.000297
0.000297
0.000298
0.000294
0.000294
0.000297
0.000321
0.000300
0.000295
0.000294
0.000297
0.000296
0.000296
0.000295
0.000296
0.000296
0.000296
0.000295
0.000293
0.000295
0.000323
0.000297
0.000299
0.000296
0.000297
0.000296
0.000295
0.000295
0.000294
0.000294
0.000296
0.000295
0.000295
0.000323
0.000296
0.000294
0.000296
0.000294
0.000295
0.000296
0.000296
0.000296
0.000296
0.000294
0.000294
0.000297
0.000297
0.000315
0.000294
0.000295
0.000300
0.000298
0.000297
0.000298
0.000293
0.000297
0.000297
0.000295
0.000294
0.000295
0.000308
0.000299
0.000296
0.000295
0.000295
0.000297
0.000295
0.000296
0.000293
0.000296
0.000298
0.000295
0.000295
0.000294
0.000307
0.000295
0.000299
0.000298
0.000295
0.000296
0.000298
0.000297
0.000296
0.000295
0.000295
0.000298
0.000295
0.000297
0.000304
0.000296
0.000297
0.000296
0.000295
0.000297
0.000295
0.000296
0.000297
0.000294
0.000295
0.000295
0.000296
0.000313
0.000298
0.000294
0.000294
0.000296
0.000297
0.000296
0.000295
0.000296
0.000296
0.000295
0.000295
0.000295
0.000295
0.000313
0.000297
0.000295
0.000293
0.000294
0.000296
0.000297
0.000295
0.000293
0.000295
0.000298
0.000296
0.000296
0.000306
0.000295
0.000298
0.000297
0.000296
0.000300
0.000296
0.000297
0.000298
0.000294
0.000293
0.000294
0.000296
0.000298
0.000308
0.000294
0.000294
0.000297
0.000296
0.000295
0.000293
0.000297
0.000297
0.000295
0.000295
0.000295
0.000294
0.000319
0.000297
0.000297
0.000293
0.000294
0.000298
0.000297
0.000298
0.000297
0.000296
0.000299
0.000295
0.000295
0.000293
0.000308
0.000297
0.000295
0.000295
0.000296
0.000295
0.000295
0.000296
0.000295
0.000294
0.000295
0.000296
0.000297
0.000311
0.000296
0.000294
0.000295
0.000297
0.000295
0.000295
0.000299
0.000300
0.000299
0.000294
0.000295
0.000294
0.000297
0.000307
0.000296
0.000294
0.000296
0.000296
0.000296
0.000297
0.000295
0.000295
0.000300
0.000295
0.000295
0.000293
0.000296
0.000312
0.000296
0.000295
0.000298
0.000294
0.000297
0.000297
0.000296
0.000296
0.000297
0.000299
0.000298
0.000296
0.000306
0.000295
0.000296
0.000296
0.000299
0.000293
0.000297
0.000296
0.000296
0.000295
0.000298
0.000294
0.000295
0.000297
0.000304
0.000294
0.000295
0.000296
0.000296
0.000295
0.000294
0.000295
0.000298
0.000297
0.000294
0.000293
0.000294
0.000314
0.000294
0.000295
0.000296
0.000294
0.000296
0.000298
0.000295
0.000292
0.000295
0.000298
0.000298
0.000296
0.000295
0.000304
0.000296
0.000295
0.000296
0.000294
0.000299
0.000296
0.000301
0.000295
0.000296
0.000296
0.000298
0.000298
0.000308
0.000294
0.000294
0.000296
0.000296
0.000296
0.000295
0.000295
0.000297
0.000296
0.000295
0.000294
0.000296
0.000297
0.000310
0.000294
0.000297
0.000294
0.000294
0.000297
0.000295
0.000294
0.000295
0.000300
0.000302
0.000300
0.000294
0.000304
0.000296
0.000295
0.000296
0.000293
0.000296
0.000297
0.000294
0.000294
0.000294
0.000294
0.000295
0.000295
0.000297
0.000310
0.000295
0.000296
0.000297
0.000296
0.000294
0.000295
0.000298
0.000295
0.000295
0.000295
0.000298
0.000298
0.000301
0.000308
0.000297
0.000294
0.000295
0.000297
0.000295
0.000293
0.000295
0.000302
0.000300
0.000296
0.000294
0.000294
0.000327
0.000297
0.000294
0.000294
0.000296
0.000298
0.000296
0.000295
0.000294
0.000293
0.000297
0.000300
0.000299
0.000296
0.000304
0.000297
0.000295
0.000296
0.000294
0.000295
0.000296
0.000296
0.000296
0.000293
0.000296
0.000296
0.000296
0.000328
0.000296
0.000295
0.000295
0.000296
0.000294
0.000292
0.000294
0.000296
0.000298
0.000295
0.000295
0.000298
0.000300
0.000314
0.000296
0.000295
0.000296
0.000297
0.000296
0.000294
0.000295
0.000294
0.000296
0.000296
0.000295
0.000293
0.000305
0.000297
0.000296
0.000296
0.000295
0.000294
0.000298
0.000295
0.000296
