     533     530     523     519     520     521     521     517     522     521
     535     554     553     531     513     508     514     520     517     520
     529     545     546     536     536     540     544     540     536     535
     534     533
     565     575     570     557     550     545     532     522     520     532
     531     534     537     536     520     506     502     510     511     506
     504     512     529     540     538     532     532     531     531     535
     542     555
     567     582     585     575     564     557     546     523     514     524
     530     534     543     543     530     513     502     505     504     500
     502     510     526     539     541     532     524     520     519     523
     531     546
     544     566     574     566     556     547     539     525     517     522
     535     534     532     526     517     510     506     501     507     507
     510     517     530     541     542     540     528     516     511     510
     514     525
     515     529     542     541     528     526     530     529     522     524
     536     534     521     509     504     506     510     518     529     532
     531     528     522     528     539     543     540     529     515     509
     507     505
     504     505     510     513     509     507     513     515     513     512
     525     531     520     505     496     500     513     527     538     548
     548     544     531     525     531     538     541     537     527     520
     521     514
     518     506     505     508     510     507     502     495     492     495
     505     516     510     497     489     495     511     521     528     538
     544     544     539     524     521     527     531     538     541     535
     533     530
     539     524     516     515     516     512     506     496     486     484
     490     496     494     486     480     487     501     511     515     520
     527     532     535     529     519     518     521     535     551     544
     541     544
     548     536     522     520     518     515     513     506     490     483
     484     489     492     490     483     480     486     493     496     502
     510     519     525     528     524     523     528     532     542     542
     539     550
     547     537     522     520     520     520     520     516     504     492
     490     493     493     491     483     476     475     477     480     491
     503     513     520     521     523     526     535     539     538     542
     537     543
     539     532     525     521     522     523     523     521     516     504
     503     504     498     490     482     472     468     472     482     494
     506     519     525     528     530     537     543     549     548     540
     532     529
     527     529     526     523     521     520     523     525     515     506
     503     505     501     494     487     477     472     479     491     500
     510     523     539     545     550     552     551     551     548     541
     533     527
     530     538     535     525     515     513     513     518     514     504
     502     504     503     497     497     494     490     487     492     498
     507     522     545     559     555     551     549     545     543     538
     531     525
     534     542     543     531     519     507     504     503     500     496
     498     505     504     503     506     509     507     495     492     494
     504     518     530     544     546     541     541     538     532     531
     529     528
     533     537     538     528     516     510     508     513     510     501
     497     499     506     509     511     516     512     508     502     508
     513     517     513     515     522     526     532     531     529     527
     532     533
     527     527     526     520     512     511     515     532     542     530
     514     505     507     512     516     518     520     521     520     520
     527     530     529     524     522     523     528     533     534     532
     530     533
     520     514     513     514     514     517     520     527     546     549
     539     521     510     513     515     516     521     530     526     527
     536     541     547     545     539     534     534     543     544     540
     528     523
     514     506     505     509     514     523     529     527     536     552
     550     539     521     513     516     518     517     524     525     522
     537     551     560     561     551     543     544     548     553     545
     532     519
     509     503     500     504     512     527     533     530     527     537
     544     548     538     522     513     515     512     504     505     510
     524     547     561     566     556     549     552     555     550     536
     520     514
     503     498     493     495     509     525     533     527     522     533
     550     561     556     533     517     514     515     507     501     504
     515     538     557     562     561     550     552     555     548     530
     513     503
     496     493     490     493     504     517     521     513     516     538
     556     568     563     540     518     512     515     515     509     508
     517     534     550     558     560     555     544     539     533     528
     518     502
     495     497     500     503     510     513     511     506     513     534
     560     573     574     556     532     517     520     522     518     520
     530     544     557     560     558     550     537     525     520     516
     516     508
     498     501     512     518     519     520     519     515     516     536
     563     583     591     584     559     533     524     525     526     533
     543     555     563     561     551     543     531     520     511     503
     499     501
     492     491     494     505     517     529     534     529     522     528
     553     582     603     606     586     554     531     529     536     540
     545     554     559     553     538     526     523     521     511     502
     494     491
     479     474     474     488     510     531     540     536     525     516
     528     556     584     600     593     570     551     539     538     538
     539     544     545     538     524     512     513     521     525     514
     498     485
     474     467     466     480     505     523     534     533     526     515
     510     523     552     577     586     577     563     550     541     535
     533     532     530     523     512     506     509     519     525     522
     503     487
     483     473     473     480     500     519     525     526     524     518
     511     511     530     553     571     574     560     547     539     533
     527     523     519     511     506     507     514     519     519     521
     514     494
     494     487     483     483     491     509     518     519     518     518
     513     509     518     536     552     560     551     536     529     529
     521     516     509     504     508     516     525     529     523     521
     523     505
     509     502     491     483     487     495     506     512     517     521
     521     517     517     528     537     544     538     527     521     522
     520     513     508     504     514     526     537     542     535     523
     525     521
     525     519     505     489     484     489     496     510     520     533
     539     533     524     524     524     525     528     525     531     535
     534     523     520     521     520     529     539     548     544     531
     522     526
     518     519     512     497     485     481     488     499     518     540
     559     555     539     528     518     518     522     527     538     550
     555     545     534     536     534     529     532     539     541     529
     518     514
     508     508     503     500     498     499     497     500     508     528
     555     570     559     533     517     511     521     525     531     542
     554     557     544     540     543     542     536     534     534     529
     521     516
