     575     569     558     551     539     530     517     515     520     530
     544     554     536     513     503     502     509     506     501     508
     528     539     535     534     533     531     527     524     529     538
     547     564
     575     574     557     548     546     533     516     515     525     530
     534     541     532     512     496     500     508     511     505     508
     520     532     542     538     532     528     520     516     518     524
     540     557
     553     551     541     533     537     536     521     513     525     535
     533     529     521     506     501     506     519     525     522     521
     525     531     537     541     537     528     518     514     514     514
     517     536
     529     530     520     516     521     524     514     509     517     532
     529     519     509     500     504     515     526     535     538     534
     531     530     534     542     541     530     523     521     517     510
     508     514
     515     517     515     509     511     513     508     497     503     518
     519     507     495     493     503     518     527     534     538     540
     535     527     524     530     535     535     534     532     527     522
     515     514
     516     515     516     513     508     507     500     491     489     503
     509     501     490     484     495     511     516     519     529     536
     537     529     521     521     527     531     540     543     535     535
     534     525
     520     514     519     517     514     507     500     488     483     492
     502     501     490     483     488     498     499     502     513     523
     529     528     520     517     521     530     541     547     542     537
     548     539
     524     517     520     523     518     516     512     496     487     493
     501     499     490     478     477     483     486     491     502     511
     518     525     522     520     523     529     542     548     540     537
     550     545
     526     520     525     524     521     524     519     505     494     498
     504     501     490     478     472     476     481     488     498     507
     517     525     533     532     534     540     544     547     537     532
     538     540
     529     522     525     525     522     525     527     512     497     501
     506     499     490     483     479     478     483     491     499     511
     524     538     541     542     544     548     550     544     535     524
     532     535
     536     533     527     517     515     517     521     513     501     505
     506     502     495     494     489     483     487     492     499     514
     531     545     552     547     546     548     545     541     532     524
     525     535
     541     539     526     514     505     508     512     506     500     500
     508     503     502     506     501     491     490     497     500     508
     524     539     545     543     541     540     538     536     533     527
     527     535
     542     539     524     508     504     510     518     512     502     505
     506     504     507     513     512     501     502     500     505     510
     516     526     533     532     528     530     530     533     535     532
     529     534
     533     534     521     508     507     517     529     527     516     509
     511     510     510     515     517     517     511     513     513     517
     521     525     532     530     525     528     531     533     536     530
     529     528
     522     524     517     508     513     528     539     543     530     518
     515     514     518     517     520     524     528     519     520     530
     534     535     536     532     528     533     542     544     536     528
     524     521
     512     514     511     511     521     530     539     545     542     530
     524     521     518     516     518     523     526     523     521     534
     547     552     549     538     533     540     549     550     536     526
     522     516
     504     504     509     515     530     533     525     534     546     545
     538     527     521     516     512     516     519     512     513     531
     550     558     558     548     542     547     555     547     534     519
     516     511
     496     497     503     516     534     532     518     524     544     557
     556     540     522     516     514     513     512     506     506     523
     545     560     560     556     547     550     551     545     527     516
     508     504
     495     493     499     511     526     526     512     514     540     559
     567     552     530     516     516     517     507     503     505     518
     542     558     565     556     547     544     546     536     523     512
     503     499
     503     501     498     508     521     520     508     515     537     561
     571     567     543     523     520     521     514     509     514     524
     544     561     565     560     541     532     533     529     519     509
     502     500
     505     505     504     511     523     523     513     518     542     565
     583     584     566     538     524     526     525     521     525     535
     551     563     564     552     537     523     519     517     516     509
     501     500
     497     499     503     516     530     530     519     520     537     565
     584     597     587     557     535     532     532     532     533     540
     553     560     554     540     526     520     519     513     508     507
     499     494
     480     487     499     516     534     537     525     516     524     545
     571     592     594     573     549     541     539     536     536     539
     549     553     540     523     516     520     523     517     507     500
     493     484
     472     476     491     515     532     538     529     515     511     523
     547     574     590     582     562     549     542     538     534     534
     540     539     526     509     506     517     528     521     512     498
     487     477
     475     475     487     509     528     532     528     518     506     506
     523     552     576     579     570     553     539     536     532     529
     530     525     514     505     505     518     527     529     519     504
     487     480
     485     479     485     502     516     521     522     519     511     503
     509     533     559     569     562     546     532     528     527     523
     519     513     509     508     514     522     529     529     526     514
     494     486
     497     487     483     496     507     513     515     517     517     513
     510     524     542     552     551     536     523     523     525     522
     516     511     507     515     525     533     536     532     530     524
     510     500
     511     496     483     484     498     506     515     519     528     526
     521     524     530     535     535     531     523     528     534     531
     523     516     516     519     531     541     543     535     529     531
     524     516
     515     499     485     483     488     499     506     523     539     547
     541     530     527     523     527     528     528     537     547     543
     535     528     526     528     529     539     546     535     522     524
     521     518
     513     503     490     488     497     501     509     517     539     559
     552     536     525     522     520     525     527     540     551     552
     541     533     538     536     534     538     543     537     522     512
     516     513
     532     522     514     510     509     513     508     516     534     549
     550     539     523     512     514     518     523     526     536     540
     538     536     540     542     536     537     541     539     531     526
     522     527
     555     553     543     535     535     522     514     509     522     540
     554     546     529     512     506     513     514     511     513     524
     531     530     536     539     538     535     533     534     536     536
     543     547
