     540     555     556     555     547     537     536     520     517     519
     531     535     546     545     531     517     511     509     512     510
     517     522     526     535     540     536     537     532     525     525
     527     533
     538     558     562     561     553     543     537     524     523     518
     528     534     543     537     522     516     510     504     508     510
     513     518     528     534     537     541     540     528     520     519
     522     527
     530     547     554     554     543     539     538     528     525     520
     528     534     535     526     513     507     503     511     516     518
     519     522     524     527     535     541     540     530     522     520
     519     521
     522     532     533     533     532     531     528     522     518     518
     525     533     530     521     506     498     501     518     522     527
     531     533     531     528     531     536     536     529     527     525
     522     520
     524     527     520     517     521     524     517     509     507     510
     516     522     519     514     502     495     505     518     518     528
     534     537     538     532     529     529     529     527     535     534
     522     521
     533     531     518     515     516     517     513     509     503     500
     503     508     506     503     496     492     503     513     515     523
     529     532     536     534     529     523     521     527     540     539
     527     530
     540     532     520     518     515     514     512     510     501     493
     493     498     499     499     494     487     496     501     504     515
     522     526     529     529     529     526     526     530     536     539
     535     539
     544     533     522     522     517     516     513     511     506     496
     492     496     497     493     490     485     490     486     490     505
     514     518     524     524     526     527     530     535     538     541
     538     539
     542     528     527     528     521     519     514     514     512     500
     497     502     498     491     486     480     483     478     486     498
     504     511     521     525     529     531     534     541     546     543
     535     535
     533     523     529     531     523     519     517     520     512     501
     500     503     498     494     486     480     481     477     487     493
     498     511     523     532     539     537     541     545     545     543
     535     535
     531     530     533     531     523     519     514     518     514     507
     504     505     497     494     488     492     488     480     486     491
     498     514     529     540     544     539     546     547     541     541
     532     532
     531     533     536     536     526     516     509     510     508     505
     506     509     498     499     495     504     494     488     492     492
     501     518     526     536     547     544     549     544     536     536
     531     533
     531     534     537     534     522     513     509     513     510     506
     502     505     500     504     502     509     496     499     504     500
     507     517     520     528     537     539     542     536     534     537
     532     534
     532     533     533     528     517     509     510     521     523     520
     510     508     501     505     507     513     502     511     516     506
     514     519     526     533     533     529     531     531     536     539
     533     531
     529     526     524     521     513     509     516     524     524     531
     525     519     508     508     511     511     508     521     518     510
     520     524     532     541     539     529     528     533     541     542
     533     524
     525     516     516     513     507     510     527     531     524     535
     531     531     524     515     515     512     513     523     520     516
     523     532     540     547     544     536     536     539     547     544
     535     525
     522     510     509     505     504     514     534     534     526     530
     529     538     541     526     518     510     515     517     511     517
     521     533     546     554     551     543     545     549     549     538
     530     526
     513     505     502     500     505     517     536     527     522     530
     537     546     549     533     525     512     515     517     508     510
     515     531     547     557     559     554     549     551     550     537
     527     520
     502     499     499     500     505     516     529     518     522     534
     543     552     556     543     534     517     515     516     509     510
     515     529     544     555     562     561     551     546     541     534
     529     516
     501     499     499     500     504     511     519     513     520     528
     543     557     562     555     544     523     519     514     508     515
     520     532     547     558     562     557     545     540     533     525
     522     514
     502     502     501     503     504     514     521     514     518     526
     544     561     569     570     558     533     525     515     514     522
     527     538     554     560     560     550     538     535     527     516
     510     506
     498     497     493     495     505     522     527     521     521     525
     542     561     575     583     572     549     535     523     523     528
     532     544     558     561     553     538     530     530     521     512
     509     500
     491     486     484     488     502     524     530     528     527     526
     536     551     569     585     580     565     554     536     527     529
     535     546     556     552     541     527     520     524     524     517
     510     499
     486     477     477     485     499     519     526     531     530     527
     529     534     552     574     577     573     566     550     534     532
     535     543     547     540     527     518     516     521     521     519
     512     501
     485     479     477     481     493     516     523     529     526     524
     525     527     538     558     569     575     568     552     538     536
     532     536     536     525     515     513     515     521     519     519
     516     503
     488     489     484     482     490     510     516     524     522     521
     520     523     530     545     557     564     564     548     536     536
     530     532     526     514     510     513     517     525     523     523
     517     506
     496     498     487     483     491     501     504     515     518     517
     518     522     528     540     549     550     552     541     532     531
     527     529     519     510     510     517     522     531     530     526
     513     514
     506     511     497     488     489     492     497     509     516     518
     525     528     531     537     538     534     538     531     531     534
     528     528     520     517     514     518     527     537     538     535
     516     520
     507     518     508     498     492     489     493     501     511     522
     538     539     539     536     529     522     526     523     529     541
     537     536     524     523     525     523     529     538     539     537
     522     524
     507     515     508     502     501     497     500     502     504     517
     538     550     553     540     528     519     521     520     525     538
     540     544     534     526     532     534     535     536     535     533
     525     529
     517     523     515     509     509     507     511     512     514     518
     531     543     549     543     533     521     516     517     526     532
     530     538     539     537     537     534     541     542     535     532
     526     529
     531     544     540     533     529     523     523     514     514     526
     535     531     537     545     535     516     508     511     523     523
     520     520     528     542     545     534     536     538     533     530
     529     534
