     557     586     594     578     559     552     563     521     494     513
     536     526     555     574     550     505     488     506     523     498
     490     499     521     546     551     528     527     536     527     529
     537     548
     552     598     614     598     565     549     551     521     499     503
     538     533     556     566     538     502     489     482     501     493
     491     504     532     558     546     537     531     517     508     512
     524     536
     526     568     595     589     542     532     548     541     520     507
     537     544     538     532     508     497     488     495     514     520
     507     510     518     530     543     553     549     521     500     502
     510     507
     495     518     541     541     515     508     532     544     529     503
     530     560     545     515     490     486     493     526     541     550
     541     541     529     516     538     553     553     532     507     507
     516     508
     498     499     506     506     508     505     509     512     504     497
     516     554     542     510     486     478     505     541     540     546
     555     555     548     518     521     541     541     528     530     529
     520     513
     534     525     503     501     515     515     507     500     492     484
     492     516     514     494     472     474     513     541     530     531
     540     545     549     533     510     516     512     523     563     557
     521     528
     564     546     505     506     518     517     505     506     488     468
     471     490     502     501     483     472     500     522     510     508
     522     533     540     539     524     514     514     520     555     561
     519     544
     575     551     504     505     522     518     512     515     501     473
     467     483     502     507     491     472     485     490     478     491
     512     519     523     523     520     509     520     531     542     556
     534     540
     570     546     510     512     523     524     514     518     529     496
     481     502     511     498     484     462     468     464     469     491
     504     508     512     517     515     517     530     547     554     551
     532     519
     532     523     515     528     528     525     516     533     531     495
     485     509     512     495     479     459     458     463     487     497
     498     505     523     531     543     545     544     556     562     553
     529     519
     518     527     536     531     521     521     516     540     537     506
     490     505     509     489     479     481     482     472     489     500
     497     511     547     573     565     547     551     556     556     550
     526     516
     519     540     558     547     527     502     495     508     515     499
     492     517     507     493     488     513     504     476     481     490
     496     526     549     577     579     549     554     550     532     535
     524     519
     525     543     559     553     519     494     484     496     502     486
     484     500     506     505     499     524     506     487     486     494
     500     517     511     523     546     536     543     535     520     527
     532     534
     530     536     549     542     508     489     488     521     544     521
     489     489     498     509     512     526     506     503     519     500
     512     519     512     511     520     521     520     522     522     537
     536     542
     529     524     528     530     509     495     499     524     557     558
     522     503     491     508     517     517     505     534     534     509
     523     522     532     538     536     521     510     523     542     548
     534     521
     523     513     508     516     505     500     527     541     539     571
     553     530     504     506     526     520     512     549     551     515
     525     546     554     562     551     527     518     533     568     568
     540     509
     524     510     501     503     494     508     550     549     517     536
     536     540     537     517     511     509     512     520     522     511
     513     548     566     578     561     529     534     554     571     560
     523     514
     519     505     496     489     498     525     568     550     502     509
     538     565     572     531     506     502     520     516     498     499
     498     534     569     578     571     540     543     570     578     542
     508     504
     492     491     485     484     496     527     567     531     495     520
     555     578     583     541     504     496     517     524     501     490
     490     517     553     569     574     568     543     555     556     537
     521     500
     476     484     492     489     494     513     532     502     491     513
     554     575     581     550     516     495     513     527     503     495
     500     521     553     568     578     571     543     532     533     528
     531     513
     493     499     521     517     499     507     519     504     493     512
     555     582     583     580     550     501     507     519     511     517
     524     539     566     580     579     565     533     516     517     508
     508     511
     507     505     509     509     502     519     539     529     509     512
     558     594     611     622     592     524     502     511     532     538
     538     549     577     589     570     535     516     516     509     498
     500     501
     492     489     481     480     500     537     561     548     526     508
     535     578     607     632     615     556     525     519     537     541
     536     548     574     578     550     506     497     523     533     518
     501     489
     472     463     454     463     498     535     553     548     534     511
     506     526     566     610     613     579     558     543     536     535
     532     543     559     556     526     490     489     521     540     532
     502     484
     470     454     456     466     494     537     542     544     532     518
     505     498     529     577     599     599     575     553     536     536
     530     536     543     529     500     485     497     518     530     526
     522     492
     469     473     479     477     483     528     539     535     523     520
     510     494     506     546     577     596     583     546     525     537
     529     529     526     503     488     495     511     530     523     521
     536     502
     475     487     490     475     479     505     520     519     513     515
     512     503     504     536     567     577     567     527     503     517
     521     519     506     485     493     513     527     543     528     514
     520     519
     511     518     507     477     475     492     502     518     512     515
     521     520     508     526     545     540     545     515     505     517
     525     519     505     502     502     524     539     556     557     533
     510     532
     528     543     531     496     467     466     482     502     518     525
     556     549     522     522     522     515     525     516     519     547
     555     540     509     520     525     518     530     552     566     549
     512     526
     492     510     508     490     474     473     481     493     493     518
     576     594     576     535     513     501     523     529     527     558
     575     572     529     522     543     537     524     532     548     539
     507     517
     487     494     489     486     486     493     514     517     511     507
     536     588     588     536     506     506     520     533     526     543
     553     577     557     522     539     547     547     544     538     530
     511     510
     530     550     552     529     524     528     528     523     512     525
     526     535     541     544     521     497     494     515     534     522
     503     512     536     547     548     534     539     548     538     536
     533     542
