     553     566     560     547     540     537     535     519     517     524
     523     522     538     539     517     498     501     521     522     503
     496     512     536     547     541     534     540     541     538     539
     546     547
     573     593     596     580     561     557     541     511     504     522
     531     542     564     561     530     503     497     504     502     493
     495     509     533     545     536     529     531     528     526     533
     546     557
     566     593     601     580     552     540     534     520     510     522
     537     544     550     540     517     497     483     488     499     499
     503     522     542     544     539     536     526     513     507     515
     529     541
     531     558     571     552     529     531     543     539     521     520
     537     539     528     513     501     493     496     513     526     523
     519     521     523     532     544     549     537     514     501     505
     509     515
     499     512     520     516     508     514     530     533     517     515
     539     548     527     505     491     493     518     541     549     550
     548     541     530     528     540     548     539     520     513     516
     514     501
     505     503     499     505     508     505     503     504     502     503
     524     535     520     500     486     496     526     541     541     547
     550     548     536     522     527     534     527     529     539     531
     516     509
     541     523     505     511     517     509     500     497     490     484
     491     500     497     486     480     495     523     531     525     527
     534     540     538     524     514     513     518     541     560     543
     527     537
     560     532     509     513     518     511     504     497     484     472
     475     489     500     498     485     486     505     507     499     508
     522     529     533     530     519     517     521     533     552     545
     536     551
     560     529     507     514     522     518     511     510     500     480
     480     495     505     500     485     477     480     475     481     499
     511     515     517     517     513     517     528     536     548     550
     535     548
     545     526     514     520     526     520     515     528     521     497
     497     507     503     490     474     463     462     468     485     498
     503     507     513     518     525     531     542     551     552     544
     526     537
     518     521     526     529     528     523     525     531     518     497
     497     508     502     485     471     467     469     481     497     501
     503     516     534     550     554     550     553     557     553     542
     526     517
     523     536     536     529     524     518     521     529     521     500
     497     507     499     485     486     495     488     485     496     500
     509     536     563     573     560     551     554     551     544     535
     522     517
     533     549     553     539     514     497     491     501     503     496
     501     509     504     496     506     515     495     482     487     496
     516     536     551     564     557     548     547     534     526     527
     526     525
     536     546     550     531     507     490     487     498     501     493
     490     501     506     505     513     514     498     493     498     499
     508     508     506     520     530     531     530     523     523     532
     538     535
     533     534     535     522     503     495     509     534     538     517
     499     498     503     511     519     514     508     520     516     511
     516     516     513     515     521     517     516     521     533     540
     540     535
     525     518     520     519     506     505     521     541     554     548
     525     506     504     514     519     513     524     539     530     521
     526     533     541     543     536     521     519     534     549     545
     526     523
     517     508     509     510     503     518     542     542     548     554
     539     523     515     520     523     519     531     545     534     523
     537     552     560     560     545     529     531     553     570     553
     523     516
     517     506     502     499     503     530     553     534     517     524
     533     543     537     519     510     510     512     514     514     512
     527     552     568     567     550     539     548     562     562     536
     517     518
     507     499     493     498     512     544     557     525     505     524
     551     567     554     524     506     509     514     508     501     500
     513     544     563     567     559     550     556     565     551     525
     510     509
     486     486     489     495     510     536     538     513     512     537
     562     572     558     527     506     505     519     514     498     495
     505     530     552     564     571     559     546     544     538     528
     515     497
     484     493     501     500     501     510     511     501     504     529
     558     568     559     542     518     508     518     514     505     508
     519     539     559     570     571     555     533     527     525     523
     519     497
     505     517     524     512     502     509     516     510     512     534
     566     578     581     575     541     513     512     517     524     533
     541     555     573     578     567     542     520     514     508     504
     507     506
     507     505     505     504     511     531     541     532     524     540
     574     598     610     608     570     526     514     528     541     544
     547     561     576     572     545     519     511     511     508     504
     502     506
     485     478     476     490     518     545     552     542     526     526
     550     577     601     612     587     552     534     535     540     540
     542     554     564     554     523     500     507     526     529     513
     496     489
     464     457     463     484     513     537     543     538     524     512
     513     534     568     593     591     576     559     544     537     536
     535     542     546     530     504     492     505     527     530     514
     497     480
     465     465     474     485     511     533     538     532     523     514
     506     512     540     571     588     585     567     545     536     534
     531     533     527     507     493     496     510     523     522     522
     511     486
     477     486     488     484     502     525     529     523     518     514
     507     505     521     552     575     580     561     532     526     528
     525     522     507     494     496     508     523     528     522     524
     517     492
     490     497     491     483     490     505     512     513     511     512
     514     511     521     546     558     556     539     512     505     515
     517     509     496     497     511     526     535     538     528     517
     517     503
     521     519     503     485     483     491     505     513     512     518
     528     522     521     530     530     529     525     512     512     525
     527     517     510     512     522     534     545     556     550     527
     523     528
     528     529     513     485     469     473     491     510     519     540
     556     548     535     524     514     514     523     526     538     554
     555     537     523     527     528     528     535     550     552     531
     520     528
     491     495     491     483     478     482     494     501     513     542
     577     588     561     527     510     514     529     535     546     563
     571     558     533     533     542     534     528     534     535     519
     509     499
     495     499     499     498     502     514     525     523     515     521
     551     566     548     524     514     513     521     529     536     540
     550     554     537     535     545     546     545     540     531     521
     513     504
