     514     524     520     511     512     517     524     522     518     523
     534     545     543     533     520     511     512     520     531     531
     526     532     532     533     540     537     539     543     536     529
     523     525
     540     556     556     546     538     537     542     521     508     522
     536     530     541     548     532     509     502     514     526     513
     508     511     523     541     544     531     534     540     532     528
     531     538
     546     570     574     565     547     540     539     516     505     518
     538     535     550     555     532     508     499     502     512     506
     506     514     532     548     541     531     531     529     522     521
     528     536
     540     565     576     566     537     531     535     524     514     515
     535     540     541     535     515     503     494     498     511     514
     512     518     530     539     540     541     539     525     512     513
     520     525
     522     541     555     546     524     519     532     532     522     513
     532     545     535     517     501     493     495     515     528     532
     526     528     529     527     537     545     544     527     511     513
     520     520
     512     522     528     523     516     515     521     520     512     508
     526     546     535     511     494     486     503     530     535     538
     540     540     536     525     530     543     540     524     520     524
     523     519
     525     528     518     514     518     518     513     507     501     499
     511     527     519     500     484     485     511     532     528     529
     535     538     540     528     521     529     526     524     541     541
     523     523
     546     540     517     514     520     518     511     506     496     490
     497     507     505     497     484     483     508     525     516     516
     525     533     537     532     523     521     520     524     547     547
     523     533
     558     542     512     511     519     518     512     508     497     485
     487     497     504     502     491     483     499     505     497     504
     519     527     530     528     524     519     523     530     541     547
     530     535
     559     538     510     511     520     521     512     512     512     494
     489     502     507     500     488     478     486     484     485     501
     515     518     519     520     520     522     529     539     544     546
     532     531
     541     527     515     521     524     522     513     520     518     497
     493     508     508     495     481     471     476     477     491     504
     508     512     520     524     533     535     538     548     552     547
     529     528
     527     523     524     526     525     522     517     528     521     498
     492     506     506     491     478     479     483     483     497     505
     503     514     533     547     548     541     546     553     553     544
     526     525
     525     533     539     535     525     514     510     517     516     499
     496     510     505     492     484     500     498     484     492     499
     505     526     545     562     558     540     548     549     541     535
     525     524
     529     538     545     540     521     505     497     503     504     495
     497     509     507     498     495     514     501     487     492     497
     508     526     531     542     548     538     545     541     528     528
     528     531
     530     535     543     536     513     499     497     513     519     506
     496     502     506     504     506     517     499     496     507     503
     515     522     519     522     531     532     534     531     526     532
     535     537
     530     529     531     527     510     498     503     523     538     532
     511     506     501     506     512     514     501     516     520     510
     520     523     528     533     535     529     525     527     534     540
     536     529
     524     521     519     521     508     500     517     533     538     549
     532     517     504     508     522     516     510     533     531     514
     523     535     543     550     545     531     525     533     552     553
     534     516
     522     515     511     511     501     505     535     540     528     538
     530     526     521     516     519     514     514     526     525     515
     521     542     553     560     549     531     532     545     560     554
     527     516
     521     511     505     500     499     516     549     541     515     520
     530     542     545     526     514     509     517     517     509     510
     515     540     560     563     553     536     539     557     563     539
     515     513
     508     503     496     495     502     526     554     532     508     522
     543     559     560     533     512     506     519     521     507     504
     508     532     556     561     558     550     543     555     553     530
     515     509
     490     491     494     496     503     524     538     515     506     525
     551     565     562     538     517     507     521     525     507     503
     511     532     553     560     563     558     543     542     539     527
     522     509
     492     496     509     508     503     514     522     508     506     523
     551     566     563     553     534     511     520     521     509     513
     524     540     559     567     567     557     537     528     526     516
     514     508
     502     503     511     509     504     516     528     519     513     524
     557     577     579     579     557     522     516     518     523     529
     535     548     567     573     563     542     525     522     515     506
     506     504
     499     499     495     493     504     529     542     531     521     523
     552     578     589     596     576     537     521     521     532     537
     537     549     567     569     551     521     512     522     522     512
     504     498
     487     481     475     480     505     533     542     535     525     519
     533     553     574     592     580     553     540     535     533     535
     535     546     559     557     533     506     504     523     531     521
     504     493
     479     469     470     480     505     533     536     534     525     521
     522     528     552     577     578     568     555     543     533     533
     532     540     549     539     514     498     504     523     529     520
     510     493
     477     476     481     485     500     530     535     530     522     522
     520     518     534     559     571     575     565     543     530     534
     530     535     537     520     502     500     512     528     524     520
     520     499
     478     486     491     485     495     518     525     522     517     519
     519     518     526     550     566     569     559     532     519     526
     526     528     521     503     501     510     522     533     524     518
     519     508
     495     500     497     485     493     508     512     517     514     515
     521     524     526     544     554     550     545     522     512     520
     525     525     514     506     506     521     533     541     538     523
     512     516
     515     522     511     492     487     493     501     513     517     520
     534     532     528     538     539     530     529     518     518     533
     538     531     515     516     518     522     535     547     550     534
     514     522
     508     518     511     495     485     487     495     506     510     526
     553     558     550     536     525     517     525     524     526     546
     553     547     523     520     530     528     529     539     546     535
     514     520
     496     503     498     492     493     497     509     514     512     520
     546     573     565     534     518     517     525     526     528     545
     553     557     534     518     534     539     537     538     536     527
     512     511
