     553     569     572     559     550     541     540     524     511     519
     528     527     538     545     530     505     497     510     519     506
     495     506     528     544     547     533     533     538     531     533
     537     548
     559     584     594     583     564     551     544     519     506     514
     533     537     553     556     533     504     497     498     505     498
     499     508     527     545     541     531     530     527     520     523
     532     547
     544     571     583     576     549     534     534     525     517     516
     534     540     546     539     517     501     492     494     508     512
     510     520     535     542     539     539     534     521     509     510
     519     528
     517     537     551     544     524     521     533     533     524     514
     529     541     535     518     500     494     497     516     530     534
     528     529     529     528     537     546     543     526     509     508
     512     513
     503     511     517     513     509     511     522     523     514     507
     522     541     530     507     491     489     507     536     544     546
     546     543     536     525     530     541     540     526     521     525
     522     510
     517     516     508     504     511     512     508     502     498     495
     506     523     516     500     488     490     512     535     534     536
     542     543     538     526     522     529     527     526     542     544
     526     518
     544     537     512     509     518     517     507     502     492     483
     485     496     498     492     486     487     507     522     516     514
     525     533     536     528     518     514     518     531     552     553
     530     536
     556     545     514     511     520     519     512     506     494     481
     478     488     499     500     489     481     492     499     491     497
     514     523     527     527     522     516     522     533     546     550
     536     542
     555     538     511     513     522     522     516     513     511     492
     483     494     505     500     488     475     475     474     476     494
     509     514     517     520     520     522     531     540     547     549
     537     534
     540     528     516     522     525     522     516     524     526     504
     494     504     507     494     481     467     466     468     482     498
     505     508     519     527     533     537     542     552     552     545
     530     527
     521     523     528     532     526     522     519     527     523     502
     494     504     507     492     479     473     478     480     491     500
     503     513     535     553     558     550     549     555     551     542
     529     519
     525     535     542     535     523     513     511     518     517     502
     493     505     504     493     488     497     497     485     490     498
     502     525     551     563     561     547     548     550     541     534
     525     522
     531     543     551     543     518     500     493     500     507     500
     498     505     503     501     502     517     506     488     488     497
     504     526     537     545     549     539     541     536     526     527
     528     531
     532     540     545     535     511     497     493     505     515     508
     498     500     504     507     510     519     506     496     506     504
     508     514     512     517     527     528     528     526     523     533
     536     537
     528     530     530     524     507     499     508     530     543     533
     514     506     502     509     516     520     508     519     526     513
     518     522     523     523     527     524     519     524     534     544
     540     531
     522     518     514     517     510     505     519     540     547     552
     534     518     507     512     518     518     516     532     535     518
     523     534     544     549     545     530     523     534     552     553
     535     517
     517     510     505     509     505     512     537     546     536     545
     538     531     524     522     519     515     519     532     529     517
     524     545     558     564     555     535     533     550     567     559
     528     511
     516     506     500     499     504     521     549     544     514     520
     534     548     550     528     512     507     512     515     510     508
     514     539     562     567     559     543     546     558     563     542
     518     511
     505     497     491     494     507     528     551     531     502     518
     547     565     565     535     511     505     513     514     503     498
     505     531     556     565     561     554     551     558     551     528
     514     509
     490     488     492     497     507     523     534     513     504     525
     556     571     570     541     517     507     515     521     505     500
     507     527     552     563     568     562     546     539     535     525
     518     507
     492     495     504     506     505     510     516     507     504     523
     554     573     572     558     538     515     515     519     510     515
     524     539     558     569     569     557     535     522     522     518
     516     507
     502     508     515     511     504     513     524     519     515     526
     556     579     587     587     566     528     515     518     524     534
     541     550     567     574     565     543     520     514     513     507
     507     505
     499     497     495     495     505     528     544     536     526     527
     551     580     598     608     590     545     525     527     537     542
     543     551     567     568     548     520     508     514     518     512
     504     499
     484     476     470     478     505     535     550     542     529     519
     530     554     579     602     597     566     546     539     538     537
     537     544     555     551     526     501     501     522     532     522
     502     490
     474     461     463     478     501     530     541     538     527     513
     509     519     547     579     588     580     566     550     536     533
     532     536     540     530     507     493     504     525     533     521
     508     491
     476     469     475     484     497     524     532     530     522     515
     508     506     525     556     577     583     571     549     530     530
     527     528     526     509     495     498     512     527     526     519
     518     498
     485     489     492     486     490     513     521     521     518     517
     511     508     516     540     564     572     561     536     519     524
     524     521     513     497     498     512     526     534     528     523
     520     507
     500     504     501     487     484     497     503     511     513     516
     518     520     519     535     551     548     541     519     509     518
     525     519     506     501     510     527     536     542     537     527
     517     516
     521     521     510     489     479     483     494     507     515     519
     534     537     527     530     530     523     526     519     519     531
     538     532     516     515     522     531     539     548     549     537
     518     526
     517     521     512     491     475     476     487     505     517     530
     554     558     549     531     518     509     521     529     535     552
     557     550     532     528     531     532     533     542     548     537
     513     522
     500     504     502     495     490     492     501     506     511     527
     556     576     565     531     512     510     521     531     535     554
     557     556     540     531     541     539     533     535     536     529
     512     512
     515     521     523     517     515     520     527     526     513     517
     537     556     548     532     521     513     513     521     528     532
     530     538     536     534     544     543     539     541     534     529
     520     525
