     542     572     585     580     560     548     555     525     506     510
     534     533     554     563     543     511     500     503     514     502
     500     505     521     543     543     532     535     533     523     521
     528     534
     535     571     589     586     557     543     543     527     515     510
     530     538     554     553     525     502     493     493     506     504
     501     509     529     542     537     540     542     527     513     510
     520     524
     521     545     566     562     533     527     537     535     523     512
     528     547     550     534     506     492     485     506     521     526
     519     525     531     527     534     545     548     529     511     511
     517     514
     509     524     533     524     512     513     524     526     515     505
     522     550     547     523     499     482     490     525     536     539
     539     544     542     529     533     543     544     525     517     523
     522     515
     519     526     518     507     509     514     515     511     500     496
     510     534     529     510     489     478     502     534     534     534
     541     544     544     531     526     534     528     517     534     542
     524     516
     541     543     516     509     516     518     512     509     497     486
     493     508     508     498     482     478     506     529     522     521
     529     536     538     533     524     522     515     519     547     552
     524     526
     557     550     514     511     520     519     511     511     499     482
     480     492     502     501     489     479     499     510     499     502
     518     526     529     528     524     517     518     526     545     550
     527     535
     564     545     511     513     523     521     514     514     513     491
     481     494     508     503     489     476     487     484     477     493
     509     515     519     518     516     513     521     537     548     549
     535     531
     552     530     513     521     526     525     513     520     526     499
     488     506     514     501     484     468     473     467     477     495
     503     506     514     521     524     527     532     547     558     552
     533     528
     530     520     520     530     528     524     515     532     528     500
     490     507     512     497     478     470     474     470     486     498
     497     504     524     540     549     542     544     555     559     551
     530     529
     523     527     539     538     529     517     511     526     524     503
     492     509     508     493     479     490     493     479     488     494
     494     513     539     562     564     547     551     556     548     542
     526     525
     524     537     551     550     531     507     498     504     509     495
     491     508     504     497     489     512     502     483     489     491
     495     520     533     549     557     543     550     547     532     531
     525     527
     529     540     551     547     520     499     490     506     515     504
     494     498     500     500     503     521     500     491     503     498
     505     518     517     524     532     530     534     529     524     531
     533     534
     530     536     541     536     511     493     493     519     536     530
     510     504     498     501     512     520     498     507     523     504
     515     518     522     528     531     526     519     518     527     541
     539     532
     528     526     525     523     507     493     507     532     540     547
     532     519     505     508     519     515     503     531     532     513
     519     525     536     547     547     529     517     523     547     556
     542     519
     526     518     513     512     498     495     529     548     534     545
     534     528     522     518     522     511     512     534     531     514
     517     535     549     562     556     532     525     539     566     565
     538     516
     523     512     507     500     492     506     549     551     521     522
     525     535     546     531     516     504     515     523     512     506
     506     531     556     569     560     537     537     557     573     555
     522     517
     511     501     497     490     495     519     560     542     508     513
     535     556     565     539     515     503     516     523     505     497
     497     523     554     565     563     551     547     562     569     541
     519     513
     496     490     489     490     495     521     549     518     498     515
     545     568     571     544     519     503     514     523     505     495
     498     519     548     562     566     565     549     551     548     533
     525     515
     491     493     501     501     499     515     527     504     495     509
     544     570     571     555     536     510     515     518     504     503
     510     529     554     570     576     565     545     535     533     522
     520     512
     498     503     514     509     500     514     526     514     504     513
     546     575     580     584     565     525     517     513     513     521
     526     540     565     582     580     556     529     523     521     512
     508     503
     500     502     499     493     495     521     541     532     519     517
     546     575     593     608     591     545     524     518     529     533
     533     545     572     584     569     532     511     518     520     514
     509     498
     490     485     475     472     491     527     548     541     530     519
     532     553     577     605     596     562     544     537     538     536
     533     545     567     572     548     509     498     518     531     526
     511     497
     481     466     461     467     490     527     542     541     530     519
     520     524     550     584     587     575     564     553     540     536
     532     541     556     551     521     494     497     520     532     525
     514     499
     479     466     470     475     489     527     536     538     525     519
     515     510     529     560     576     583     573     554     535     536
     532     538     544     526     498     490     504     526     529     520
     523     504
     478     481     486     481     487     517     527     526     518     516
     511     508     518     545     569     578     571     542     522     529
     527     532     527     503     491     499     515     534     528     524
     522     507
     488     499     498     482     486     503     511     515     512     511
     512     514     517     540     562     561     555     525     509     518
     524     526     511     496     498     512     527     541     539     531
     515     515
     511     522     514     490     483     488     496     509     511     512
     525     528     524     536     544     536     535     515     511     525
     536     533     513     508     511     522     533     546     552     544
     517     522
     512     524     516     495     479     477     486     499     506     514
     545     553     549     541     529     518     522     518     519     544
     554     550     525     520     528     528     531     541     550     542
     518     523
     496     505     498     486     480     483     497     506     501     514
     546     571     573     545     524     514     522     524     527     550
     558     561     540     526     538     539     535     541     543     532
     513     518
     507     516     513     502     498     503     520     521     513     517
     536     558     553     538     523     514     513     519     531     540
     536     541     536     532     544     540     540     547     541     530
     519     520
     531     554     559     546     537     533     541     527     508     519
     537     535     537     548     534     511     502     510     530     520
     509     508     517     539     547     534     534     542     535     530
     529     534
