     548     562     557     546     537     542     528     509     508     524
     533     552     563     547     516     502     506     520     514     509
     513     525     541     547     537     534     539     535     531     529
     536     533
     565     583     585     565     547     549     533     511     506     526
     527     545     559     546     515     496     489     506     505     500
     502     519     542     545     538     534     533     526     520     526
     534     538
     557     583     588     560     542     546     541     524     508     523
     530     540     550     534     511     491     489     508     514     504
     506     518     534     540     541     542     533     518     511     518
     523     530
     531     556     563     540     525     535     540     526     506     517
     540     544     539     520     502     489     503     519     530     523
     524     527     528     536     543     549     535     513     509     518
     517     512
     513     531     534     524     514     521     527     519     503     509
     538     541     525     504     487     490     516     529     537     538
     537     538     526     527     540     544     530     520     522     522
     515     503
     521     518     514     515     513     513     515     509     496     496
     518     524     510     492     479     493     522     532     533     537
     539     543     531     520     529     531     526     537     542     527
     521     517
     538     516     507     511     515     510     510     500     486     483
     497     509     506     492     477     491     518     519     515     524
     534     540     537     524     521     522     520     541     553     531
     529     536
     553     519     506     513     518     513     510     503     487     477
     485     501     506     495     476     484     501     495     496     512
     523     529     529     522     512     516     521     539     559     540
     530     552
     553     520     509     519     524     515     513     519     498     479
     487     502     505     495     472     473     478     478     488     503
     511     518     521     520     518     522     532     545     556     542
     525     558
     541     521     519     523     525     516     521     529     507     485
     493     505     504     491     469     468     470     477     489     498
     503     514     525     535     535     533     542     552     555     541
     525     542
     532     529     528     527     526     516     526     532     514     491
     498     510     502     486     477     479     473     480     491     493
     501     523     543     552     545     543     550     555     553     535
     522     527
     531     540     541     534     520     507     513     523     509     492
     503     508     502     487     495     495     478     480     490     492
     508     529     551     561     547     549     551     545     544     530
     523     522
     532     547     549     532     512     496     501     514     507     494
     500     506     503     492     509     507     487     486     494     494
     510     519     535     551     541     543     543     533     534     533
     530     524
     532     545     547     527     507     491     503     524     519     501
     501     504     505     502     519     511     498     504     499     504
     513     517     523     537     536     533     531     525     532     536
     536     526
     527     534     538     524     502     491     509     534     538     519
     509     503     506     511     521     510     513     523     511     512
     516     523     527     536     534     524     523     528     540     542
     532     527
     521     520     527     516     498     504     525     539     555     537
     520     507     509     520     522     511     527     537     518     518
     526     533     544     546     534     521     523     544     557     547
     523     526
     518     511     513     505     498     521     542     534     543     536
     530     527     520     521     516     510     523     532     518     511
     530     544     560     559     538     528     533     557     564     541
     518     522
     511     502     499     498     503     539     552     524     523     535
     547     555     537     521     511     513     520     521     514     504
     524     550     566     567     546     538     548     566     559     532
     515     518
     501     493     490     493     507     546     545     514     513     534
     557     571     550     522     505     511     523     513     503     497
     513     545     563     570     561     544     551     560     549     529
     514     509
     493     492     493     494     506     536     528     504     504     531
     560     577     559     531     508     511     524     510     499     498
     512     542     562     572     571     550     542     547     538     529
     515     496
     494     505     506     497     504     525     521     504     505     534
     566     579     576     555     520     514     520     512     510     511
     521     545     566     577     573     548     530     530     522     518
     515     496
     497     506     506     495     504     527     528     512     509     535
     570     588     597     585     540     518     518     523     524     525
     530     552     573     577     560     534     519     518     515     513
     510     502
     495     493     492     492     510     536     538     525     510     528
     561     583     606     605     562     531     524     532     534     532
     536     556     573     569     540     515     515     522     519     511
     501     499
     483     474     475     487     513     540     544     534     514     516
     537     563     597     608     580     553     539     537     539     534
     536     553     565     553     518     499     511     528     525     509
     498     491
     471     466     469     482     515     538     547     536     520     512
     515     538     575     596     591     572     555     540     538     533
     534     547     549     529     502     493     511     529     527     519
     503     486
     471     471     472     477     512     531     538     530     521     511
     502     512     546     576     591     583     560     537     534     528
     530     536     527     507     496     499     519     528     527     528
     509     484
     482     484     477     476     500     520     525     522     518     511
     503     502     529     561     578     578     550     523     523     523
     524     523     508     499     500     510     528     530     526     526
     519     487
     503     505     489     481     491     504     515     516     515     517
     515     505     521     545     553     559     536     515     518     526
     527     518     506     501     511     522     538     543     536     523
     529     504
     520     521     499     478     478     488     503     512     512     530
     533     523     527     534     532     537     527     516     526     539
     539     522     514     511     518     527     539     551     545     520
     528     519
     516     514     497     478     473     481     497     505     512     539
     557     556     539     527     515     525     526     519     537     551
     556     535     522     527     528     528     537     550     547     519
     521     510
     510     513     504     490     486     495     507     509     509     534
     568     567     539     520     510     516     523     520     539     551
     562     544     523     536     540     535     539     546     543     520
     520     506
     529     535     526     518     510     516     522     511     510     524
     549     555     548     528     511     505     514     526     530     528
     535     538     531     541     541     536     541     541     539     528
     531     520
