      7483.00      7440.00      7376.00      7237.00      7127.00      7120.00
      7122.00      7090.00      7037.00      6977.00      6968.00      6991.00
      7005.00      7036.00      7003.00      7014.00      6957.00      6959.00
      6930.00      6937.00      7016.00      6996.00      7001.00      7059.00
      6992.00      6983.00      6987.00      6994.00      6956.00      6969.00
      6971.00      6947.00      6935.00      6834.00      6823.00      6733.00
      6737.00      6681.00      6641.00      6617.00      6692.00      6669.00
      6719.00      6750.00      6789.00      6819.00      6787.00      6768.00
      6755.00      6786.00      6848.00      6937.00      6969.00      7014.00
      7010.00      6958.00      7017.00      6944.00      6984.00      6995.00
      7040.00      7527.00      7507.00      7430.00
      7441.00      7443.00      7333.00      7193.00      7144.00      7123.00
      7107.00      7008.00      7066.00      7031.00      7020.00      7031.00
      7055.00      7006.00      6914.00      6986.00      6960.00      6887.00
      6911.00      6925.00      6915.00      6983.00      7018.00      7065.00
      6999.00      7012.00      6973.00      7009.00      6915.00      6910.00
      6959.00      6940.00      6976.00      6898.00      6816.00      6831.00
      6708.00      6712.00      6655.00      6657.00      6691.00      6718.00
      6690.00      6702.00      6783.00      6762.00      6726.00      6717.00
      6735.00      6835.00      6908.00      6909.00      6926.00      6940.00
      7000.00      6916.00      6973.00      7008.00      6984.00      7064.00
      6999.00      7556.00      7487.00      7494.00
      6390.00      6414.00      6333.00      6267.00      6314.00      6424.00
      6339.00      6315.00      6301.00      6232.00      6138.00      6135.00
      6162.00      6030.00      6064.00      5990.00      5960.00      5988.00
      5949.00      5943.00      5880.00      5866.00      5891.00      5906.00
      5835.00      5777.00      5806.00      5880.00      5913.00      5883.00
      5783.00      5859.00      5924.00      5949.00      5908.00      5932.00
      5882.00      5868.00      5872.00      5866.00      5838.00      5783.00
      5787.00      5683.00      5723.00      5735.00      5741.00      5773.00
      5744.00      5699.00      5646.00      5735.00      5703.00      5757.00
      5743.00      5733.00      5750.00      5805.00      5795.00      5786.00
      5735.00      6306.00      6264.00      6347.00
      6397.00      6403.00      6433.00      6379.00      6296.00      6342.00
      6245.00      6291.00      6284.00      6243.00      6189.00      6191.00
      6105.00      6055.00      6030.00      6035.00      6055.00      6042.00
      6029.00      6328.00      5891.00      5884.00      5856.00      5885.00
      5915.00      5838.00      5850.00      5847.00      5905.00      5840.00
      5863.00      5834.00      5910.00      5896.00      5932.00      5941.00
      5850.00      5871.00      5906.00      5873.00      5897.00      5807.00
      5827.00      5722.00      5756.00      5755.00      5751.00      5705.00
      5706.00      5670.00      5666.00      5635.00      5700.00      5717.00
      5723.00      5764.00      5763.00      5760.00      5775.00      5744.00
      5719.00      6268.00      6283.00      6336.00
      6383.00      6358.00      6416.00      6435.00      6342.00      6366.00
      6249.00      6248.00      6246.00      6254.00      6201.00      6162.00
      6143.00      6051.00      6055.00      6008.00      5926.00      5927.00
      5983.00      5961.00      5970.00      5902.00      5954.00      5945.00
      5848.00      5896.00      5899.00      5884.00      5857.00      5825.00
      5843.00      5864.00      5871.00      5922.00      5919.00      5911.00
      5941.00      5858.00      5871.00      5876.00      5899.00      5841.00
      5783.00      5724.00      5753.00      5795.00      5771.00      5678.00
      5738.00      5696.00      5732.00      5699.00      5657.00      5747.00
      5725.00      5789.00      5805.00      5798.00      5742.00      5781.00
      5765.00      6343.00      6387.00      6359.00
      6441.00      6452.00      6475.00      6359.00      6384.00      6407.00
      6385.00      6228.00      6236.00      6212.00      6183.00      6105.00
      6028.00      6043.00      6015.00      6053.00      5991.00      5975.00
      5979.00      6040.00      5988.00      5990.00      5939.00      5937.00
      5884.00      5888.00      5862.00      5843.00      5829.00      5846.00
      5833.00      5893.00      5902.00      5942.00      5944.00      5928.00
      6002.00      5978.00      5943.00      5868.00      5904.00      5867.00
      5788.00      5783.00      5726.00      5758.00      5786.00      5719.00
      5754.00      5763.00      5728.00      5741.00      5806.00      5725.00
      5705.00      5751.00      5715.00      5695.00      5745.00      5783.00
      5743.00      6365.00      6372.00      6441.00
      6427.00      6430.00      6454.00      6457.00      6472.00      6353.00
      6333.00      6223.00      6170.00      6129.00      6153.00      6049.00
      6032.00      5984.00      5982.00      6050.00      6026.00      5997.00
      6018.00      6035.00      6013.00      6013.00      5970.00      5901.00
      5927.00      5931.00      5908.00      5905.00      5885.00      5875.00
      5840.00      5889.00      5944.00      5914.00      5930.00      5910.00
      5952.00      5985.00      5930.00      5915.00      5866.00      5898.00
      5800.00      5749.00      5715.00      5756.00      5746.00      5736.00
      5761.00      5760.00      5746.00      5749.00      5782.00      5724.00
      5716.00      5688.00      5671.00      5714.00      5738.00      5700.00
      5746.00      6356.00      6434.00      6504.00
      6459.00      6473.00      6464.00      6507.00      6409.00      6381.00
      6323.00      6259.00      6171.00      6136.00      6129.00      6105.00
      6128.00      6039.00      6026.00      6099.00      6116.00      6106.00
      6045.00      6074.00      5992.00      6002.00      6006.00      5971.00
      5934.00      5898.00      5903.00      5890.00      5921.00      5914.00
      5915.00      5938.00      5890.00      5863.00      5923.00      5960.00
      5952.00      5988.00      5947.00      5887.00      5880.00      5919.00
      5862.00      5758.00      5753.00      5757.00      5808.00      5757.00
      5785.00      5821.00      5766.00      5761.00      5725.00      5684.00
      5710.00      5694.00      5679.00      5707.00      5714.00      5696.00
      5769.00      6393.00      6516.00      6485.00
      6505.00      6494.00      6551.00      6449.00      6427.00      6403.00
      6336.00      6245.00      6182.00      6187.00      6219.00      6096.00
      6086.00      6134.00      6061.00      6083.00      6080.00      6124.00
      6148.00      6062.00      6083.00      6071.00      6012.00      5965.00
      5993.00      5949.00      5903.00      5908.00      5917.00      5912.00
      5943.00      5878.00      5950.00      5902.00      5909.00      5985.00
      5986.00      5970.00      5960.00      5936.00      5905.00      5877.00
      5807.00      5828.00      5787.00      5778.00      5799.00      5788.00
      5835.00      5789.00      5788.00      5738.00      5673.00      5702.00
      5710.00      5675.00      5670.00      5716.00      5754.00      5690.00
      5753.00      6435.00      6470.00      6482.00
      6580.00      6533.00      6489.00      6517.00      6477.00      6392.00
      6332.00      6307.00      6153.00      6174.00      6165.00      6128.00
      6117.00      6041.00      6089.00      6110.00      6136.00      6103.00
      6120.00      6122.00      6064.00      6037.00      6034.00      6013.00
      6010.00      5975.00      5926.00      5883.00      5897.00      5873.00
      5879.00      5947.00      5889.00      5877.00      5931.00      5991.00
      6001.00      5980.00      5928.00      5876.00      5894.00      5917.00
      5884.00      5848.00      5818.00      5754.00      5819.00      5787.00
      5754.00      5793.00      5762.00      5747.00      5734.00      5773.00
      5724.00      5654.00      5656.00      5696.00      5679.00      5703.00
      5752.00      6464.00      6486.00      6497.00
      6572.00      6597.00      6554.00      6483.00      6477.00      6401.00
      6340.00      6307.00      6274.00      6194.00      6170.00      6149.00
      6102.00      6033.00      6041.00      6148.00      6148.00      6173.00
      6120.00      6085.00      6140.00      6034.00      6028.00      6014.00
      5991.00      5988.00      5907.00      5957.00      5934.00      5939.00
      5982.00      5961.00      5943.00      5907.00      5889.00      5978.00
      5964.00      5967.00      5795.00      5625.00      5641.00      5795.00
      5891.00      5880.00      5857.00      5853.00      5793.00      5794.00
      5751.00      5751.00      5747.00      5790.00      5706.00      5691.00
      5703.00      5691.00      5705.00      5701.00      5741.00      5737.00
      5741.00      6541.00      6521.00      6525.00
      6560.00      6598.00      6500.00      6514.00      6471.00      6465.00
      6349.00      6319.00      6328.00      6273.00      6225.00      6209.00
      6156.00      6105.00      6122.00      6159.00      6143.00      6227.00
      6227.00      6152.00      6092.00      6088.00      6081.00      6074.00
      6000.00      6016.00      5952.00      5967.00      5976.00      5997.00
      6007.00      5997.00      5934.00      5938.00      5902.00      5935.00
      5997.00      5917.00      5599.00      5486.00      5479.00      5706.00
      5811.00      5880.00      5823.00      5840.00      5838.00      5785.00
      5734.00      5810.00      5746.00      5768.00      5717.00      5734.00
      5689.00      5700.00      5740.00      5793.00      5781.00      5716.00
      5758.00      6509.00      6558.00      6570.00
      6582.00      6543.00      6561.00      6593.00      6487.00      6460.00
      6434.00      6409.00      6379.00      6352.00      6251.00      6248.00
      6233.00      6197.00      6195.00      6173.00      6218.00      6181.00
      6196.00      6171.00      6112.00      6110.00      6074.00      6085.00
      6097.00      6010.00      5999.00      6001.00      6046.00      6014.00
      5985.00      5979.00      5965.00      5983.00      5985.00      5959.00
      6057.00      5863.00      5589.00      5520.00      5507.00      5663.00
      5853.00      5842.00      5835.00      5927.00      5784.00      5796.00
      5809.00      5793.00      5753.00      5764.00      5753.00      5649.00
      5634.00      5686.00      5742.00      5787.00      5759.00      5787.00
      5718.00      6540.00      6608.00      6592.00
      6543.00      6537.00      6568.00      6565.00      6519.00      6438.00
      6451.00      6402.00      6373.00      6358.00      6292.00      6257.00
      6298.00      6202.00      6204.00      6181.00      6131.00      6127.00
      6162.00      6151.00      6118.00      6154.00      6098.00      6177.00
      6075.00      6079.00      6021.00      6076.00      6087.00      6054.00
      5881.00      6037.00      5966.00      6021.00      5991.00      5941.00
      6004.00      5979.00      5855.00      5718.00      5653.00      5797.00
      5929.00      5847.00      5846.00      5842.00      5874.00      5799.00
      5829.00      5765.00      5724.00      5740.00      5701.00      5655.00
      5788.00      5772.00      5712.00      5758.00      5811.00      5743.00
      5771.00      6575.00      6666.00      6616.00
      6536.00      6556.00      6593.00      6519.00      6498.00      6465.00
      6527.00      6449.00      6412.00      6320.00      6321.00      6268.00
      6204.00      6252.00      6212.00      6193.00      6192.00      6199.00
      6177.00      6178.00      6083.00      6152.00      6147.00      6137.00
      6127.00      6101.00      6172.00      6169.00      6089.00      6092.00
      6115.00      6049.00      6049.00      6004.00      5968.00      6033.00
      6005.00      5992.00      5970.00      5932.00      5938.00      5914.00
      5905.00      5860.00      5872.00      5843.00      5869.00      5802.00
      5768.00      5779.00      5731.00      5795.00      5695.00      5628.00
      5766.00      5831.00      5650.00      5749.00      5806.00      5758.00
      5690.00      6551.00      6673.00      6470.00
      6565.00      6612.00      6556.00      6542.00      6501.00      6443.00
      6535.00      6452.00      6419.00      6320.00      6358.00      6296.00
      6251.00      6174.00      6235.00      6192.00      6205.00      6224.00
      6198.00      6177.00      6121.00      6105.00      6101.00      6115.00
      6144.00      6143.00      6159.00      6173.00      6110.00      6094.00
      6139.00      6108.00      6071.00      6033.00      6016.00      6019.00
      5998.00      6051.00      6054.00      6018.00      5972.00      5915.00
      5889.00      5891.00      5913.00      5897.00      5922.00      5822.00
      5708.00      5833.00      5771.00      5822.00      5775.00      5656.00
      5718.00      5683.00      5675.00      5752.00      5778.00      5759.00
      5759.00      6606.00      6647.00      6581.00
      6643.00      6610.00      6544.00      6516.00      6512.00      6504.00
      6526.00      6523.00      6418.00      6437.00      6406.00      6327.00
      6287.00      6188.00      6234.00      6164.00      6157.00      6188.00
      6213.00      6098.00      6131.00      6133.00      6091.00      6119.00
      6147.00      6138.00      6155.00      6166.00      6209.00      6179.00
      6130.00      6044.00      6088.00      6058.00      6058.00      5990.00
      5926.00      5986.00      6066.00      5990.00      5941.00      5980.00
      5910.00      5960.00      5879.00      5933.00      5871.00      5845.00
      5828.00      5853.00      5830.00      5784.00      5757.00      5739.00
      5696.00      5715.00      5744.00      5777.00      5761.00      5785.00
      5742.00      6688.00      6636.00      6664.00
      6682.00      6641.00      6614.00      6531.00      6518.00      6538.00
      6504.00      6528.00      6475.00      6487.00      6450.00      6327.00
      6241.00      6203.00      6177.00      6182.00      6149.00      6175.00
      6194.00      6179.00      6111.00      6146.00      6177.00      6149.00
      6123.00      6185.00      6208.00      6209.00      6156.00      6183.00
      6140.00      6119.00      6058.00      6051.00      6036.00      6022.00
      5989.00      5985.00      6023.00      5983.00      5915.00      5899.00
      5885.00      5924.00      5902.00      5940.00      5983.00      5904.00
      5822.00      5831.00      5820.00      5755.00      5819.00      5798.00
      5793.00      5759.00      5736.00      5759.00      5728.00      5804.00
      5751.00      6732.00      6683.00      6686.00
      6606.00      6619.00      6576.00      6532.00      6601.00      6611.00
      6538.00      6536.00      6439.00      6483.00      6426.00      6354.00
      6315.00      6310.00      6230.00      6238.00      6166.00      6125.00
      6132.00      6198.00      6165.00      6118.00      6142.00      6177.00
      6198.00      6144.00      6195.00      6169.00      6177.00      6189.00
      6138.00      6138.00      6076.00      6082.00      6025.00      6015.00
      6000.00      5980.00      5995.00      5967.00      5988.00      5903.00
      5916.00      5947.00      5951.00      5891.00      5959.00      5895.00
      5810.00      5842.00      5797.00      5747.00      5822.00      5808.00
      5802.00      5770.00      5765.00      5771.00      5813.00      5791.00
      5768.00      6703.00      6710.00      6652.00
      6662.00      6649.00      6674.00      6613.00      6609.00      6569.00
      6577.00      6578.00      6514.00      6496.00      6455.00      6420.00
      6394.00      6305.00      6308.00      6278.00      6263.00      6206.00
      6180.00      6150.00      6162.00      6197.00      6177.00      6221.00
      6233.00      6131.00      6141.00      6169.00      6146.00      6165.00
      6179.00      6149.00      6071.00      6018.00      6056.00      5994.00
      5973.00      6057.00      5936.00      5988.00      5997.00      6011.00
      5960.00      5994.00      5966.00      5963.00      5967.00      5923.00
      5801.00      5867.00      5772.00      5832.00      5796.00      5903.00
      5856.00      5772.00      5801.00      5701.00      5814.00      5792.00
      5768.00      6624.00      6688.00      6708.00
      6686.00      6726.00      6721.00      6657.00      6587.00      6596.00
      6582.00      6593.00      6502.00      6539.00      6495.00      6466.00
      6373.00      6330.00      6317.00      6343.00      6308.00      6234.00
      6275.00      6159.00      6318.00      6180.00      6209.00      6216.00
      6199.00      6176.00      6101.00      6161.00      6169.00      6181.00
      6195.00      6135.00      6029.00      6073.00      6015.00      5949.00
      6036.00      6057.00      6055.00      6052.00      6098.00      6047.00
      6003.00      5957.00      5943.00      5922.00      5917.00      5899.00
      5905.00      5831.00      5832.00      5812.00      5823.00      5882.00
      5902.00      5842.00      5811.00      5821.00      5815.00      5806.00
      5810.00      6744.00      6722.00      6774.00
      6737.00      6785.00      6752.00      6732.00      6729.00      6700.00
      6636.00      6535.00      6509.00      6464.00      6487.00      6494.00
      6384.00      6354.00      6281.00      6327.00      6286.00      6242.00
      6206.00      6190.00      6197.00      6248.00      6266.00      6237.00
      6271.00      6168.00      6192.00      6131.00      6138.00      6155.00
      6142.00      6097.00      6095.00      6079.00      6035.00      6011.00
      6052.00      6066.00      6071.00      6076.00      6064.00      6072.00
      6009.00      6001.00      5982.00      5969.00      5992.00      5821.00
      5876.00      5877.00      5806.00      5824.00      5838.00      5902.00
      5862.00      5860.00      5809.00      5846.00      5859.00      5796.00
      5761.00      6680.00      6751.00      6749.00
      6781.00      6702.00      6728.00      6683.00      6703.00      6674.00
      6654.00      6514.00      6503.00      6433.00      6472.00      6480.00
      6442.00      6343.00      6336.00      6273.00      6228.00      6216.00
      6274.00      6253.00      6311.00      6221.00      6255.00      6255.00
      6230.00      6186.00      6193.00      6146.00      6155.00      6168.00
      6155.00      6052.00      6052.00      6062.00      6046.00      6082.00
      6072.00      6053.00      6045.00      6053.00      6069.00      6054.00
      6062.00      5962.00      5921.00      5939.00      5955.00      5871.00
      5942.00      5867.00      5850.00      5889.00      5835.00      5840.00
      5890.00      5883.00      5914.00      5910.00      5837.00      5902.00
      5844.00      6794.00      6800.00      6799.00
      6783.00      6721.00      6693.00      6739.00      6694.00      6758.00
      6670.00      6606.00      6514.00      6471.00      6509.00      6505.00
      6406.00      6405.00      6410.00      6283.00      6306.00      6321.00
      6283.00      6273.00      6254.00      6239.00      6235.00      6229.00
      6236.00      6270.00      6231.00      6189.00      6138.00      6111.00
      6097.00      6067.00      6093.00      6108.00      6025.00      6062.00
      6079.00      6029.00      6039.00      6080.00      6064.00      6028.00
      6058.00      6068.00      6010.00      6014.00      5954.00      5899.00
      5878.00      5856.00      5899.00      5829.00      5903.00      5939.00
      5909.00      5872.00      5910.00      5926.00      5922.00      5909.00
      5879.00      6829.00      6783.00      6784.00
      6746.00      6812.00      6713.00      6730.00      6715.00      6778.00
      6728.00      6600.00      6554.00      6492.00      6429.00      6452.00
      6370.00      6410.00      6420.00      6421.00      6349.00      6387.00
      6336.00      6297.00      6243.00      6267.00      6273.00      6227.00
      6225.00      6239.00      6181.00      6149.00      6145.00      6081.00
      6115.00      6109.00      6115.00      6055.00      6091.00      6103.00
      6080.00      6083.00      6057.00      6126.00      6117.00      6116.00
      6067.00      6042.00      6061.00      5999.00      6022.00      5952.00
      5954.00      5904.00      5880.00      5910.00      5906.00      5995.00
      5969.00      5976.00      5941.00      5990.00      5978.00      5937.00
      5990.00      6923.00      6847.00      6718.00
      6787.00      6756.00      6741.00      6741.00      6726.00      6752.00
      6755.00      6723.00      6665.00      6636.00      6558.00      6489.00
      6437.00      6422.00      6433.00      6356.00      6388.00      6377.00
      6342.00      6324.00      6290.00      6253.00      6291.00      6220.00
      6200.00      6168.00      6165.00      6196.00      6183.00      6111.00
      6109.00      6083.00      6177.00      6120.00      6152.00      6109.00
      6080.00      6004.00      6108.00      6124.00      6112.00      6035.00
      6094.00      6012.00      6042.00      6056.00      6055.00      6055.00
      5968.00      5908.00      5923.00      5924.00      5996.00      5988.00
      6012.00      6008.00      5990.00      5987.00      6031.00      5977.00
      6034.00      6914.00      6834.00      6828.00
      6849.00      6780.00      6838.00      6729.00      6739.00      6713.00
      6761.00      6666.00      6670.00      6639.00      6586.00      6568.00
      6475.00      6407.00      6399.00      6470.00      6423.00      6387.00
      6337.00      6321.00      6300.00      6307.00      6318.00      6253.00
      6184.00      6136.00      6178.00      6198.00      6161.00      6064.00
      6080.00      6137.00      6102.00      6127.00      6112.00      6089.00
      6098.00      6074.00      6116.00      6051.00      6048.00      6091.00
      6091.00      6053.00      6091.00      6111.00      6080.00      6028.00
      6012.00      5972.00      6025.00      5970.00      5965.00      6058.00
      5964.00      6006.00      5964.00      6023.00      6063.00      6037.00
      6043.00      6902.00      6843.00      6740.00
      6783.00      6833.00      6792.00      6744.00      6721.00      6804.00
      6740.00      6616.00      6641.00      6664.00      6625.00      6549.00
      6513.00      6428.00      6489.00      6520.00      6453.00      6412.00
      6346.00      6355.00      6300.00      6313.00      6275.00      6223.00
      6205.00      6171.00      6182.00      6152.00      6143.00      6105.00
      6171.00      6164.00      6095.00      6087.00      6133.00      6102.00
      6106.00      6131.00      6083.00      6060.00      6070.00      6036.00
      6070.00      6076.00      6074.00      6098.00      6031.00      6014.00
      5971.00      5954.00      6032.00      6016.00      6042.00      6036.00
      6054.00      6036.00      6029.00      6010.00      6014.00      6006.00
      6085.00      6917.00      6912.00      6826.00
      6885.00      6841.00      6869.00      6831.00      6763.00      6798.00
      6721.00      6676.00      6659.00      6617.00      6584.00      6570.00
      6545.00      6524.00      6530.00      6524.00      6472.00      6447.00
      6406.00      6399.00      6354.00      6369.00      6291.00      6215.00
      6141.00      6219.00      6246.00      6180.00      6201.00      6162.00
      6131.00      6138.00      6195.00      6161.00      6173.00      6105.00
      6046.00      6028.00      6030.00      6040.00      6052.00      6009.00
      6042.00      6085.00      6049.00      6086.00      6054.00      6020.00
      6003.00      6056.00      5990.00      6012.00      6073.00      6034.00
      6070.00      6031.00      6045.00      6062.00      6053.00      5943.00
      6018.00      6899.00      6854.00      6871.00
      6804.00      6790.00      6748.00      6761.00      6841.00      6783.00
      6731.00      6714.00      6676.00      6616.00      6632.00      6573.00
      6588.00      6508.00      6527.00      6521.00      6476.00      6480.00
      6463.00      6429.00      6374.00      6367.00      6334.00      6244.00
      6200.00      6237.00      6254.00      6257.00      6237.00      6195.00
      6206.00      6224.00      6194.00      6178.00      6137.00      6185.00
      6093.00      6095.00      6038.00      6029.00      6020.00      6024.00
      5985.00      6125.00      6113.00      6036.00      6033.00      6073.00
      6014.00      6053.00      6068.00      6083.00      5993.00      6031.00
      5995.00      6049.00      6020.00      6057.00      6058.00      6041.00
      6051.00      6889.00      6900.00      6918.00
      6903.00      6838.00      6758.00      6784.00      6798.00      6806.00
      6738.00      6658.00      6708.00      6615.00      6606.00      6630.00
      6549.00      6597.00      6550.00      6530.00      6479.00      6602.00
      6503.00      6452.00      6413.00      6419.00      6354.00      6383.00
      6305.00      6317.00      6291.00      6298.00      6272.00      6221.00
      6208.00      6227.00      6199.00      6122.00      6227.00      6195.00
      6086.00      6068.00      6054.00      5972.00      5964.00      6010.00
      6052.00      6156.00      6136.00      6084.00      6045.00      6131.00
      6057.00      6075.00      6102.00      6093.00      6051.00      6054.00
      6069.00      6094.00      6097.00      6107.00      6112.00      6122.00
      6154.00      6973.00      6923.00      6871.00
      6943.00      6884.00      6808.00      6795.00      6827.00      6835.00
      6721.00      6662.00      6702.00      6651.00      6673.00      6588.00
      6521.00      6556.00      6605.00      6616.00      6564.00      6562.00
      6526.00      6525.00      6408.00      6453.00      6450.00      6427.00
      6397.00      6305.00      6265.00      6288.00      6292.00      6285.00
      6252.00      6313.00      6190.00      6217.00      6208.00      6129.00
      6028.00      6072.00      5966.00      5935.00      6021.00      6044.00
      6027.00      6073.00      6106.00      6111.00      6061.00      6116.00
      6129.00      6144.00      6092.00      6048.00      6003.00      6062.00
      6138.00      6092.00      6076.00      6114.00      6162.00      6192.00
      6139.00      7021.00      6973.00      6992.00
      6994.00      6929.00      6862.00      6921.00      6889.00      6810.00
      6763.00      6677.00      6680.00      6542.00      6509.00      6531.00
      6560.00      6557.00      6604.00      6617.00      6610.00      6601.00
      6539.00      6514.00      6453.00      6471.00      6416.00      6391.00
      6365.00      6329.00      6338.00      6330.00      6333.00      6318.00
      6227.00      6219.00      6271.00      6253.00      6182.00      6193.00
      6109.00      6046.00      5991.00      5958.00      5921.00      6006.00
      6055.00      6119.00      6133.00      6127.00      6143.00      6174.00
      6127.00      6149.00      6089.00      6075.00      6120.00      6095.00
      6073.00      6062.00      6116.00      6167.00      6184.00      6199.00
      6201.00      7011.00      6954.00      6949.00
      7036.00      6910.00      6883.00      6948.00      6926.00      6819.00
      6785.00      6766.00      6691.00      6612.00      6466.00      6511.00
      6562.00      6583.00      6686.00      6631.00      6654.00      6576.00
      6584.00      6552.00      6487.00      6479.00      6507.00      6431.00
      6378.00      6387.00      6411.00      6380.00      6384.00      6326.00
      6289.00      6249.00      6194.00      6217.00      6245.00      6181.00
      6149.00      6037.00      5999.00      6000.00      5895.00      6035.00
      6024.00      6065.00      6103.00      6111.00      6142.00      6182.00
      6172.00      6071.00      6166.00      6099.00      6135.00      6081.00
      6084.00      6094.00      6135.00      6119.00      6135.00      6236.00
      6271.00      6995.00      6962.00      7032.00
      6993.00      7017.00      6923.00      6901.00      6864.00      6878.00
      6818.00      6762.00      6676.00      6653.00      6626.00      6600.00
      6613.00      6627.00      6619.00      6678.00      6573.00      6625.00
      6643.00      6618.00      6520.00      6564.00      6528.00      6423.00
      6364.00      6417.00      6405.00      6357.00      6403.00      6386.00
      6341.00      6260.00      6291.00      6279.00      6243.00      6206.00
      6142.00      6027.00      5998.00      5975.00      6005.00      6033.00
      6061.00      6152.00      6159.00      6150.00      6203.00      6250.00
      6105.00      6073.00      6128.00      6134.00      6147.00      6144.00
      6151.00      6121.00      6167.00      6219.00      6169.00      6254.00
      6257.00      6997.00      7012.00      7049.00
      7099.00      6975.00      6955.00      6957.00      6964.00      6877.00
      6798.00      6851.00      6738.00      6690.00      6675.00      6601.00
      6607.00      6671.00      6630.00      6641.00      6645.00      6640.00
      6630.00      6648.00      6612.00      6590.00      6510.00      6447.00
      6358.00      6429.00      6447.00      6425.00      6420.00      6366.00
      6323.00      6319.00      6325.00      6311.00      6236.00      6168.00
      6168.00      6060.00      6081.00      6021.00      6074.00      6094.00
      6182.00      6225.00      6148.00      6203.00      6227.00      6237.00
      6273.00      6218.00      6180.00      6196.00      6190.00      6152.00
      6184.00      6238.00      6198.00      6211.00      6207.00      6280.00
      6286.00      7013.00      7036.00      7116.00
      7075.00      7109.00      6994.00      6971.00      6941.00      6846.00
      6833.00      6828.00      6775.00      6772.00      6646.00      6633.00
      6668.00      6686.00      6716.00      6709.00      6678.00      6646.00
      6688.00      6694.00      6602.00      6612.00      6490.00      6524.00
      6436.00      6487.00      6436.00      6409.00      6413.00      6402.00
      6395.00      6410.00      6366.00      6382.00      6297.00      6209.00
      6159.00      6153.00      6161.00      6066.00      6077.00      6115.00
      6229.00      6240.00      6249.00      6252.00      6224.00      6309.00
      6285.00      6282.00      6227.00      6177.00      6204.00      6302.00
      6258.00      6185.00      6257.00      6224.00      6320.00      6328.00
      6307.00      7006.00      7087.00      7051.00
      7093.00      7120.00      7015.00      6953.00      6911.00      6827.00
      6794.00      6793.00      6752.00      6764.00      6698.00      6615.00
      6602.00      6662.00      6686.00      6717.00      6676.00      6621.00
      6689.00      6694.00      6679.00      6613.00      6592.00      6550.00
      6447.00      6468.00      6481.00      6469.00      6477.00      6467.00
      6410.00      6415.00      6371.00      6451.00      6349.00      6258.00
      6238.00      6225.00      6150.00      6114.00      6088.00      6176.00
      6152.00      6198.00      6332.00      6264.00      6262.00      6323.00
      6341.00      6261.00      6272.00      6226.00      6251.00      6249.00
      6247.00      6282.00      6251.00      6335.00      6308.00      6290.00
      6351.00      7127.00      7103.00      7066.00
      7087.00      7094.00      7047.00      6977.00      6908.00      6993.00
      6915.00      6818.00      6878.00      6763.00      6672.00      6654.00
      6713.00      6654.00      6708.00      6693.00      6655.00      6616.00
      6602.00      6670.00      6634.00      6617.00      6457.00      6507.00
      6508.00      6489.00      6462.00      6454.00      6427.00      6424.00
      6416.00      6405.00      6379.00      6396.00      6367.00      6311.00
      6278.00      6251.00      6187.00      6126.00      6113.00      6143.00
      6151.00      6221.00      6257.00      6243.00      6269.00      6359.00
      6325.00      6287.00      6310.00      6245.00      6290.00      6266.00
      6300.00      6317.00      6342.00      6362.00      6417.00      6334.00
      6367.00      7087.00      7069.00      7047.00
      7066.00      7180.00      7111.00      7085.00      6981.00      7047.00
      6895.00      6882.00      6910.00      6799.00      6752.00      6714.00
      6623.00      6685.00      6706.00      6691.00      6610.00      6592.00
      6628.00      6626.00      6664.00      6628.00      6581.00      6567.00
      6536.00      6535.00      6473.00      6488.00      6472.00      6477.00
      6462.00      6402.00      6363.00      6390.00      6416.00      6345.00
      6278.00      6284.00      6168.00      6145.00      6181.00      6201.00
      6210.00      6229.00      6223.00      6294.00      6267.00      6256.00
      6345.00      6338.00      6282.00      6312.00      6291.00      6270.00
      6364.00      6372.00      6347.00      6418.00      6368.00      6448.00
      6359.00      7115.00      7075.00      7043.00
      7169.00      7097.00      7131.00      7134.00      7041.00      7044.00
      6956.00      6981.00      6854.00      6817.00      6789.00      6787.00
      6671.00      6704.00      6766.00      6704.00      6664.00      6656.00
      6694.00      6723.00      6641.00      6627.00      6617.00      6571.00
      6570.00      6539.00      6516.00      6511.00      6474.00      6460.00
      6457.00      6452.00      6416.00      6490.00      6399.00      6391.00
      6287.00      6193.00      6213.00      6261.00      6267.00      6252.00
      6220.00      6265.00      6275.00      6295.00      6300.00      6306.00
      6392.00      6373.00      6365.00      6292.00      6297.00      6350.00
      6325.00      6356.00      6395.00      6388.00      6432.00      6417.00
      6434.00      7118.00      7143.00      7165.00
      7155.00      7136.00      7153.00      7072.00      7042.00      7043.00
      7038.00      6962.00      6982.00      6885.00      6751.00      6670.00
      6670.00      6681.00      6761.00      6686.00      6595.00      6675.00
      6708.00      6681.00      6676.00      6638.00      6616.00      6605.00
      6625.00      6590.00      6575.00      6546.00      6492.00      6589.00
      6516.00      6466.00      6526.00      6503.00      6422.00      6393.00
      6385.00      6333.00      6281.00      6281.00      6308.00      6281.00
      6289.00      6229.00      6291.00      6318.00      6337.00      6350.00
      6367.00      6342.00      6325.00      6301.00      6356.00      6393.00
      6352.00      6370.00      6386.00      6466.00      6468.00      6436.00
      6473.00      7143.00      7188.00      7110.00
      7186.00      7242.00      7178.00      7095.00      7027.00      7035.00
      7050.00      6966.00      6873.00      6850.00      6783.00      6674.00
      6696.00      6768.00      6724.00      6687.00      6673.00      6712.00
      6705.00      6674.00      6656.00      6601.00      6602.00      6668.00
      6620.00      6589.00      6569.00      6523.00      6562.00      6596.00
      6594.00      6564.00      6549.00      6468.00      6502.00      6476.00
      6399.00      6324.00      6335.00      6325.00      6328.00      6319.00
      6287.00      6291.00      6280.00      6321.00      6326.00      6387.00
      6389.00      6354.00      6349.00      6370.00      6389.00      6397.00
      6344.00      6452.00      6440.00      6468.00      6484.00      6480.00
      6541.00      7186.00      7158.00      7139.00
      7270.00      7147.00      7208.00      7221.00      7152.00      7020.00
      7021.00      6975.00      6903.00      6912.00      6807.00      6723.00
      6749.00      6732.00      6763.00      6769.00      6696.00      6712.00
      6718.00      6640.00      6618.00      6581.00      6655.00      6628.00
      6648.00      6607.00      6525.00      6556.00      6601.00      6631.00
      6549.00      6588.00      6563.00      6523.00      6451.00      6466.00
      6357.00      6308.00      6301.00      6337.00      6285.00      6318.00
      6212.00      6260.00      6287.00      6353.00      6357.00      6391.00
      6339.00      6363.00      6335.00      6405.00      6431.00      6402.00
      6410.00      6521.00      6503.00      6570.00      6597.00      6525.00
      6632.00      7119.00      7175.00      7259.00
      6983.00      6795.00      6843.00      7104.00      7142.00      7041.00
      7034.00      6904.00      6924.00      6840.00      6832.00      6788.00
      6712.00      6715.00      6741.00      6731.00      6641.00      6725.00
      6739.00      6712.00      6683.00      6638.00      6623.00      6598.00
      6676.00      6697.00      6630.00      6561.00      6539.00      6607.00
      6623.00      6606.00      6522.00      6567.00      6540.00      6409.00
      6335.00      6348.00      6381.00      6313.00      6310.00      6352.00
      6228.00      6253.00      6361.00      6381.00      6342.00      6334.00
      6210.00      6250.00      6322.00      6341.00      6362.00      6385.00
      6417.00      6464.00      6585.00      6599.00      6562.00      6555.00
      6572.00      7158.00      7324.00      7168.00
      6653.00      6378.00      6494.00      6951.00      7126.00      7045.00
      6996.00      7003.00      6900.00      6894.00      6883.00      6784.00
      6697.00      6680.00      6734.00      6644.00      6663.00      6665.00
      6652.00      6597.00      6637.00      6659.00      6737.00      6675.00
      6694.00      6633.00      6581.00      6601.00      6598.00      6580.00
      6575.00      6596.00      6568.00      6591.00      6494.00      6394.00
      6346.00      6399.00      6305.00      6273.00      6335.00      6291.00
      6247.00      6248.00      6311.00      6251.00      6294.00      6348.00
      6260.00      6252.00      6318.00      6318.00      6337.00      6401.00
      6481.00      6426.00      6525.00      6596.00      6545.00      6631.00
      6638.00      7271.00      7319.00      6995.00
      6645.00      6467.00      6498.00      6927.00      7139.00      7056.00
      7012.00      6994.00      6933.00      6883.00      6794.00      6760.00
      6735.00      6779.00      6709.00      6699.00      6647.00      6611.00
      6507.00      6524.00      6619.00      6638.00      6671.00      6650.00
      6703.00      6687.00      6677.00      6664.00      6658.00      6660.00
      6662.00      6593.00      6555.00      6650.00      6595.00      6408.00
      6368.00      6361.00      6305.00      6332.00      6343.00      6401.00
      6313.00      6313.00      6382.00      6352.00      6434.00      6529.00
      6312.00      6232.00      6299.00      6296.00      6350.00      6434.00
      6499.00      6519.00      6581.00      6622.00      6611.00      6626.00
      6689.00      7274.00      7365.00      7058.00
      6929.00      6723.00      6826.00      7121.00      7190.00      7082.00
      7048.00      7032.00      6893.00      6897.00      6827.00      6783.00
      6702.00      6756.00      6692.00      6714.00      6710.00      6589.00
      6534.00      6499.00      6558.00      6612.00      6688.00      6762.00
      6677.00      6666.00      6701.00      6715.00      6678.00      6679.00
      6603.00      6662.00      6621.00      6673.00      6604.00      6469.00
      6412.00      6423.00      6393.00      6318.00      6372.00      6387.00
      6407.00      6409.00      6480.00      6391.00      6452.00      6453.00
      6340.00      6220.00      6282.00      6341.00      6421.00      6479.00
      6564.00      6536.00      6602.00      6631.00      6604.00      6621.00
      6685.00      7286.00      7440.00      7264.00
      7310.00      7297.00      7349.00      7376.00      7100.00      7104.00
      7113.00      7008.00      6942.00      6891.00      6799.00      6818.00
      6744.00      6724.00      6679.00      6676.00      6707.00      6643.00
      6576.00      6506.00      6552.00      6686.00      6727.00      6727.00
      6703.00      6717.00      6708.00      6708.00      6650.00      6629.00
      6649.00      6610.00      6701.00      6613.00      6618.00      6510.00
      6471.00      6464.00      6440.00      6402.00      6451.00      6402.00
      6474.00      6512.00      6487.00      6474.00      6465.00      6368.00
      6317.00      6337.00      6445.00      6453.00      6396.00      6483.00
      6527.00      6563.00      6591.00      6635.00      6620.00      6671.00
      6738.00      7234.00      7315.00      7457.00
      7509.00      7431.00      7383.00      7151.00      7146.00      7204.00
      7050.00      6970.00      6948.00      6828.00      6752.00      6738.00
      6722.00      6683.00      6703.00      6640.00      6685.00      6639.00
      6605.00      6679.00      6674.00      6703.00      6735.00      6737.00
      6764.00      6681.00      6651.00      6674.00      6634.00      6655.00
      6654.00      6691.00      6643.00      6726.00      6643.00      6581.00
      6470.00      6471.00      6442.00      6471.00      6503.00      6472.00
      6508.00      6500.00      6523.00      6556.00      6587.00      6483.00
      6441.00      6420.00      6491.00      6490.00      6497.00      6515.00
      6582.00      6597.00      6562.00      6602.00      6607.00      6642.00
      6726.00      7271.00      7290.00      7374.00
      7446.00      7334.00      7312.00      7184.00      7147.00      7141.00
      7076.00      7042.00      7062.00      6942.00      6791.00      6749.00
      6717.00      6656.00      6701.00      6646.00      6667.00      6660.00
      6673.00      6736.00      6735.00      6628.00      6671.00      6734.00
      6786.00      6689.00      6650.00      6652.00      6657.00      6643.00
      6735.00      6669.00      6704.00      6734.00      6605.00      6665.00
      6682.00      6714.00      6589.00      6526.00      6532.00      6569.00
      6576.00      6643.00      6601.00      6484.00      6594.00      6557.00
      6547.00      6526.00      6496.00      6553.00      6509.00      6510.00
      6565.00      6594.00      6568.00      6701.00      6714.00      6702.00
      6813.00      7352.00      7397.00      7396.00
      7498.00      7301.00      7263.00      7169.00      7123.00      7119.00
      7094.00      7102.00      7015.00      6923.00      6790.00      6799.00
      6743.00      6713.00      6654.00      6655.00      6656.00      6639.00
      6636.00      6739.00      6575.00      6575.00      6550.00      6717.00
      6654.00      6647.00      6643.00      6644.00      6666.00      6690.00
      6672.00      6636.00      6588.00      6732.00      6624.00      6572.00
      6546.00      6670.00      6769.00      6688.00      6631.00      6609.00
      6603.00      6640.00      6649.00      6650.00      6622.00      6645.00
      6638.00      6541.00      6540.00      6571.00      6597.00      6610.00
      6678.00      6602.00      6587.00      6649.00      6666.00      6739.00
      6727.00      7427.00      7338.00      7386.00
      7455.00      7285.00      7265.00      7147.00      7073.00      7121.00
      7123.00      7079.00      7026.00      6886.00      6831.00      6772.00
      6757.00      6639.00      6663.00      6752.00      6670.00      6704.00
      6702.00      6734.00      6594.00      6524.00      6624.00      6700.00
      6799.00      6672.00      6693.00      6681.00      6755.00      6706.00
      6678.00      6633.00      6593.00      6685.00      6428.00      5821.00
      5647.00      6035.00      6588.00      6727.00      6668.00      6644.00
      6625.00      6688.00      6717.00      6646.00      6681.00      6695.00
      6719.00      6684.00      6647.00      6728.00      6682.00      6656.00
      6722.00      6624.00      6597.00      6652.00      6743.00      6820.00
      6799.00      7435.00      7359.00      7432.00
      7322.00      7243.00      7198.00      7228.00      7079.00      7089.00
      7173.00      7118.00      7074.00      6961.00      6931.00      6774.00
      6745.00      6774.00      6719.00      6768.00      6691.00      6676.00
      6666.00      6777.00      6719.00      6643.00      6670.00      6773.00
      6782.00      6815.00      6803.00      6731.00      6676.00      6705.00
      6707.00      6646.00      6638.00      6615.00      6044.00      5207.00
      4964.00      5345.00      6159.00      6668.00      6689.00      6667.00
      6726.00      6722.00      6678.00      6751.00      6760.00      6706.00
      6673.00      6690.00      6643.00      6695.00      6703.00      6687.00
      6676.00      6667.00      6687.00      6720.00      6808.00      6813.00
      6825.00      7375.00      7440.00      7353.00
      7391.00      7275.00      7233.00      7160.00      7117.00      7154.00
      7096.00      7066.00      7052.00      6945.00      6916.00      6819.00
      6807.00      6799.00      6775.00      6743.00      6795.00      6703.00
      6793.00      6779.00      6760.00      6856.00      6807.00      6830.00
      6802.00      6771.00      6780.00      6786.00      6736.00      6748.00
      6741.00      6623.00      6626.00      6654.00      5961.00      5344.00
      5073.00      5340.00      6181.00      6756.00      6796.00      6740.00
      6727.00      6712.00      6731.00      6751.00      6746.00      6706.00
      6742.00      6703.00      6670.00      6711.00      6715.00      6700.00
      6713.00      6704.00      6704.00      6695.00      6859.00      6838.00
      6901.00      7424.00      7462.00      7397.00
      7389.00      7337.00      7248.00      7166.00      7194.00      7220.00
      7187.00      7130.00      7062.00      6926.00      6906.00      6819.00
      6844.00      6842.00      6817.00      6805.00      6834.00      6789.00
      6795.00      6746.00      6701.00      6889.00      6869.00      6893.00
      6839.00      6789.00      6820.00      6841.00      6863.00      6677.00
      6571.00      6590.00      6556.00      6695.00      6433.00      5933.00
      5710.00      6011.00      6458.00      6760.00      6734.00      6783.00
      6723.00      6695.00      6665.00      6766.00      6768.00      6763.00
      6685.00      6695.00      6652.00      6705.00      6737.00      6687.00
      6722.00      6694.00      6687.00      6780.00      6819.00      6900.00
      6993.00      7545.00      7444.00      7393.00
      7275.00      7261.00      7202.00      7256.00      7189.00      7134.00
      7081.00      7077.00      7064.00      6950.00      6861.00      6867.00
      6827.00      6768.00      6704.00      6784.00      6750.00      6793.00
      6764.00      6712.00      6735.00      6812.00      6850.00      6850.00
      6862.00      6854.00      6819.00      6819.00      6769.00      6671.00
      6566.00      6628.00      6619.00      6513.00      6590.00      6632.00
      6624.00      6671.00      6772.00      6654.00      6738.00      6762.00
      6719.00      6703.00      6679.00      6783.00      6726.00      6689.00
      6746.00      6633.00      6658.00      6698.00      6730.00      6739.00
      6702.00      6717.00      6805.00      6837.00      6909.00      6995.00
      6952.00      7441.00      7437.00      7384.00
      7356.00      7340.00      7281.00      7251.00      7231.00      7113.00
      7174.00      7123.00      7070.00      6962.00      6949.00      6927.00
      6811.00      6762.00      6818.00      6766.00      6767.00      6819.00
      6830.00      6826.00      6790.00      6833.00      6817.00      6897.00
      6896.00      6821.00      6874.00      6799.00      6745.00      6684.00
      6668.00      6643.00      6564.00      6389.00      6372.00      6524.00
      6589.00      6600.00      6680.00      6667.00      6755.00      6707.00
      6805.00      6759.00      6745.00      6734.00      6768.00      6653.00
      6757.00      6660.00      6653.00      6731.00      6806.00      6815.00
      6843.00      6823.00      6819.00      6919.00      6922.00      7056.00
      6952.00      7380.00      7332.00      7367.00
      7423.00      7356.00      7315.00      7385.00      7294.00      7205.00
      7111.00      7071.00      7063.00      6980.00      6954.00      6940.00
      6818.00      6850.00      6775.00      6686.00      6756.00      6901.00
      6919.00      6797.00      6901.00      6910.00      6916.00      6873.00
      6896.00      6906.00      6909.00      6885.00      6738.00      6785.00
      6671.00      6695.00      6521.00      6490.00      6473.00      6505.00
      6606.00      6598.00      6602.00      6671.00      6711.00      6761.00
      6792.00      6760.00      6768.00      6768.00      6757.00      6692.00
      6710.00      6718.00      6700.00      6796.00      6890.00      6831.00
      6837.00      6861.00      6943.00      6994.00      6967.00      7002.00
      7020.00      7375.00      7322.00      7391.00
      7404.00      7383.00      7283.00      7283.00      7268.00      7163.00
      7106.00      7058.00      7032.00      7040.00      7054.00      7068.00
      6964.00      6890.00      6844.00      6851.00      6889.00      6858.00
      6918.00      6930.00      6932.00      6849.00      6846.00      6922.00
      6973.00      6926.00      6929.00      6908.00      6855.00      6772.00
      6752.00      6638.00      6596.00      6538.00      6554.00      6507.00
      6535.00      6610.00      6649.00      6688.00      6677.00      6702.00
      6814.00      6765.00      6759.00      6787.00      6690.00      6678.00
      6679.00      6713.00      6715.00      6799.00      6871.00      6877.00
      6945.00      6845.00      6921.00      6929.00      6981.00      6951.00
      7115.00      7376.00      7369.00      7375.00
      7384.00      7388.00      7352.00      7285.00      7233.00      7198.00
      7116.00      7042.00      7040.00      6986.00      6969.00      6962.00
      7038.00      7004.00      6959.00      6961.00      6949.00      6933.00
      6976.00      6922.00      6874.00      6887.00      6937.00      6963.00
      6957.00      6970.00      6939.00      6950.00      6918.00      6860.00
      6850.00      6695.00      6660.00      6577.00      6567.00      6583.00
      6587.00      6579.00      6653.00      6652.00      6677.00      6676.00
      6760.00      6778.00      6811.00      6757.00      6768.00      6743.00
      6732.00      6744.00      6682.00      6814.00      6869.00      6805.00
      6848.00      6903.00      6940.00      6966.00      6975.00      6989.00
      7058.00      7464.00      7385.00      7336.00
      7319.00      7359.00      7291.00      7276.00      7236.00      7138.00
      7119.00      7054.00      6996.00      6903.00      6932.00      6916.00
      7029.00      6982.00      6962.00      6891.00      6923.00      6947.00
      6907.00      6902.00      6903.00      6887.00      6995.00      6916.00
      6945.00      7005.00      6904.00      6951.00      6905.00      6937.00
      6841.00      6760.00      6655.00      6657.00      6655.00      6703.00
      6610.00      6647.00      6620.00      6643.00      6677.00      6706.00
      6794.00      6817.00      6777.00      6789.00      6745.00      6754.00
      6783.00      6784.00      6762.00      6854.00      6895.00      6864.00
      6898.00      6892.00      6919.00      6997.00      6942.00      7066.00
      6988.00      7388.00      7409.00      7379.00
      7396.00      7331.00      7279.00      7249.00      7158.00      7090.00
      7064.00      7047.00      7008.00      6914.00      6942.00      6956.00
      6934.00      6905.00      6896.00      6869.00      6912.00      6946.00
      6883.00      6911.00      6875.00      6950.00      6959.00      6990.00
      6991.00      7020.00      7002.00      6960.00      6969.00      6984.00
      6924.00      6847.00      6768.00      6723.00      6757.00      6683.00
      6565.00      6616.00      6671.00      6694.00      6721.00      6698.00
      6774.00      6709.00      6735.00      6716.00      6834.00      6757.00
      6811.00      6837.00      6836.00      6922.00      6940.00      6955.00
      6920.00      6932.00      6917.00      6957.00      7005.00      7042.00
      7050.00      7452.00      7416.00      7430.00
      7399.00      7423.00      7274.00      7182.00      7144.00      7125.00
      7100.00      7075.00      7027.00      6969.00      7010.00      6933.00
      6974.00      7037.00      6937.00      6926.00      6968.00      6929.00
      6952.00      6935.00      6916.00      6933.00      7061.00      7031.00
      7044.00      7001.00      6966.00      6958.00      6991.00      6967.00
      6887.00      6871.00      6879.00      6730.00      6728.00      6660.00
      6664.00      6691.00      6659.00      6640.00      6648.00      6699.00
      6741.00      6746.00      6815.00      6830.00      6799.00      6821.00
      6826.00      6804.00      6871.00      6889.00      6934.00      7020.00
      6968.00      6920.00      6962.00      6933.00      6886.00      7017.00
      7026.00      7493.00      7499.00      7444.00
